0.28310255664985684
0.2614988936768965
0.25899796489188326
0.25790469582834824
0.2571442668985063
0.2566833284423872
0.25632816589231455
0.2560015728791666
0.2557613346359627
0.2555157551998434
0.25525056472434354
0.25518307130551415
0.2549750673241209
0.2548563624747027
0.2546910078576661
0.2545906847718619
0.25451387512807033
0.2544350925418294
0.2543429549499
0.2542817702055774
0.2542006169861591
0.25413353192373783
0.2540915186409071
0.2540155382508453
0.25393086952882743
0.2539045181848004
0.253845764757138
0.25379396614231614
0.2537128220953364
0.2537327316973599
0.2536291030864935
0.2536508994419925
0.2535654908431157
0.25353900914489275
0.2534809729361751
0.25347389555020017
0.2534270870151252
0.25342696552777416
0.2533518604666242
0.2533558375567978
0.2532895645700412
0.25328673913717215
0.253246980167478
0.25323219998662755
0.2531983343156394
0.2531578338624047
0.2531507565574584
0.2531140849513996
0.2530905959267795
0.25306717306780646
0.2530532254813796
0.25300478034435075
0.25301292926885677
0.2529652658356548
0.2529582917287449
0.25295243131376355
0.25292761090575405
0.25291808848844805
0.25289257994844927
0.2528867403948621
0.25285049037139545
0.2528453865344269
0.2528246151398994
0.25283027421962334
0.25280545244570296
0.2528081673972212
0.25278375807975656
0.25277477763734996
0.2527605516481981
0.2527549793501144
0.25273597906966183
0.2527041057416871
0.25271768953744084
0.25269465220795917
0.2526948311121825
0.2526938033291003
0.25265611747405214
0.2526564364790555
0.25265657254924107
0.25264948009657506
0.2526349146832103
0.252630992245676
0.2526184010364918
0.2525991050664393
0.2526071969884764
0.2525783365542152
0.25258339036180544
0.25256688396830496
0.2525711426954026
0.2525246064048783
0.2525476721290996
0.25253803037054323
0.25252337780512174
0.2525207770205985
0.25251370514225385
0.2525075859890334
0.25252695206040815
0.2524919579456544
0.25248133744021484
0.25246816369320957
