4.261909158274179
2.2460922624882476
2.0845586473624653
2.000742884681823
1.9433906308206759
1.8917019361211276
1.8488604809170919
1.813901031793183
1.7782984541219946
1.7460276656810578
1.7182241898537236
1.687951205248723
1.6666835057748972
1.6414594754229825
1.6192359595138777
1.5987127633993403
1.578088948071342
1.560158530061079
1.54266251602885
1.5267263487974587
1.5105980826267402
1.4985829055839142
1.4842706658156375
1.4722401651966528
1.460970557675716
1.449222130463839
1.4383491440917537
1.429667859708816
1.420387190731964
1.41174585084662
1.402985117436444
1.395217988741329
1.3891986441396302
1.382719286901829
1.3764374688767134
1.3706383400187865
1.3631838143238761
1.3594357692866066
1.3530392497720245
1.3508813882297064
1.3468960210866148
1.340883707809012
1.3369219678090052
1.333350733791808
1.3310836243605424
1.328405518133161
1.3256272193040304
1.322869516357869
1.319424545980684
1.3173381849417487
1.3165334071929105
1.3128929386570434
1.3098548005713015
1.3095817637443576
1.3075611559123648
1.3056925683055036
1.304382548318907
1.3026423953281177
1.3012121181232905
1.3005045928796202
1.2979463273823952
1.2966180234434113
1.2960622358140306
1.2942974313377253
1.295236941951895
1.2930329477465572
1.2926891190794274
1.2914474294355376
1.2903824392641932
1.287625688025036
1.2901056456803968
1.2880231144097385
1.2866165430456091
1.286906669754121
1.286570614065933
1.285174594012605
1.2863863480109083
1.2846729187211303
1.2851665790526554
1.2840914568253843
1.284467019532851
1.285138953938707
1.2841164853409317
1.2830605811424038
1.2837120908766357
1.2827018322106292
1.2810935340760166
1.2802009983121176
1.2809693812433718
1.281483666621147
1.2805624312278998
1.2807187569968421
1.280804188028126
1.281092487006365
1.2788513987292067
1.2796806103203924
1.2782421383402842
1.2791432368274245
1.2790689772770756
1.276582622206135
