1.839209078758955
1.7874253846069177
1.7824773009399573
1.7785064302523932
1.7735076136867205
1.7710771323184171
1.769276249909401
1.7669370797495048
1.7655100922723612
1.762642605338494
1.7622455456256867
1.7610756654202937
1.761085752783219
1.7616417998611926
1.7612536028166612
1.761216249960661
1.7619109765688579
1.7621143596947193
1.7619101243694624
1.764266378525893
1.7632675496558348
1.7622398225605487
1.7649057271242141
1.7654072341501712
1.7633616441567739
1.7636702884614468
1.7618525669117768
1.7646634723722934
1.765436995434761
1.7647204273839792
1.7639322197675704
1.7647546062449615
1.7680022180338701
1.7668786502500375
1.7696865307927132
1.7635792439142863
1.7679516084591547
1.7667901431143285
1.7650105176488557
1.767028023803234
1.7648076143980027
1.7644709195991357
1.768640043282509
1.7650960727194944
1.7657574829101563
1.7654316169639428
1.7684731031318506
1.7661680500249068
1.7669856501698493
1.7642716375648975
