0.6100230631831364
0.5752814950577038
0.568857142782522
0.5660686095895179
0.5632423680929057
0.5612125755871649
0.5596237361743088
0.5595408200491853
0.557322084894167
0.5575594432529438
0.5571545320357096
0.5564699103035904
0.556113441653599
0.5553909640005577
0.5556367462840353
0.5558934449812103
0.5549412958198214
0.5552498388592185
0.555365001498265
0.5552486120362079
0.5553106454461081
0.5546040060211517
0.5545108501656751
0.554511910134517
0.5544955154192088
0.5535588653499921
0.5540359511866424
0.554444460507464
0.554228763292804
0.5534732195651575
0.5535388824089652
0.5534821826852404
0.5531815021809949
0.5535390756497447
0.5531976499304866
0.5527553785225439
0.5532399863100185
0.5534912091631127
0.5532467154592206
0.5542411414464298
0.5532172243772371
0.5525050547082972
0.5530288493695663
0.5535593801578939
0.553056534084467
0.5528257291042201
0.5525403139053107
0.5527489790229353
0.5534262818019122
0.5531151857966415
