1.3879
0.4709
0.4818
0.8229
1.9243
0.8146
0.4517
0.4508
0.4613
0.4664
0.4818
0.5167
0.5407
0.4540
0.4405
0.4536
0.7029
0.4539
0.4595
0.4792
0.4485
0.4459
0.4463
0.4384
0.4395
0.4689
0.4661
0.4387
0.4374
0.7350
0.4429
0.4536
0.4438
0.4439
0.4343
0.4250
0.4366
0.4372
0.4694
0.4345
0.4739
0.4317
0.4458
0.4550
0.4331
0.4337
0.4339
0.4309
0.4308
0.4283
0.4267
0.4180
0.4152
0.4127
0.4113
0.4082
0.4090
0.4049
0.4057
0.4029
0.4052
0.3994
0.3995
0.4017
0.3990
0.3976
0.3963
0.3933
0.3944
0.3927
0.3936
0.3952
0.3974
0.3932
0.3959
0.3999
0.3906
0.3963
0.3906
0.3920
0.3919
0.3820
0.3868
0.3866
0.3896
0.3911
0.3884
0.3889
0.3920
0.3908
0.3943
0.3931
0.3920
0.3935
0.3924
0.3937
0.3960
0.3902
0.3940
0.3975
0.3938
0.3971
0.3961
0.3968
0.3971
0.3932
0.3946
0.3906
0.3912
0.3924
0.3908
0.3908
0.3947
0.3912
0.3918
0.3899
0.3901
0.3906
0.3887
0.3909
0.3899
0.3849
0.3895
0.3887
0.3857
0.3909
0.3881
0.3864
0.3863
0.3848
0.3845
0.3847
0.3883
0.3868
0.3852
0.3909
0.6524
0.3876
0.3868
0.3891
0.3909
0.3866
0.3868
0.3853
0.3878
0.3888
0.3840
0.3873
0.3854
0.3840
0.3860
0.3822
0.3788
0.3854
0.3836
0.3889
0.3844
0.3841
0.3842
0.3823
0.3829
0.3810
0.3783
0.3848
0.3843
0.3772
0.3799
0.3779
0.3813
0.3805
0.3810
0.3757
0.3764
0.3794
0.3821
0.3790
0.3757
0.3822
0.3799
0.3870
0.3791
0.3766
0.3770
0.3776
0.3800
0.3770
0.3746
0.3776
0.3745
0.3792
0.3783
0.3795
0.3788
0.3781
0.3767
0.3754
0.3780
0.3777
0.3747
0.3753
0.3796
0.3755
0.3727
0.3743
0.3740
0.3772
0.3771
0.3710
0.3768
0.3768
0.3727
0.3735
0.3711
0.3791
0.3742
0.3724
0.3926
0.3743
0.3764
0.3710
0.3730
0.3702
0.3824
0.3648
0.3747
0.3721
0.3714
0.3711
0.3707
0.3681
0.3754
0.3749
0.3743
0.3727
0.3746
0.3684
0.3691
0.3711
0.3692
0.3710
0.3669
0.3825
0.3681
0.3688
0.3697
0.3696
0.3670
0.3693
0.3680
0.3728
0.3633
0.3648
0.3704
0.3683
0.3698
0.3669
0.3656
0.3721
0.3639
0.3666
0.3735
0.3697
0.3642
0.3679
0.3690
0.3658
0.3681
0.3689
0.3639
0.3671
0.3675
0.3644
0.3636
0.3655
0.3684
0.3708
0.3654
0.3665
0.3680
0.3649
0.3689
0.3642
0.3725
0.3621
0.3674
0.3683
0.3646
0.3677
0.3608
0.3603
0.3664
0.3661
0.3638
0.3640
0.3629
0.3583
0.3668
0.3615
0.3678
0.3623