0.6927
0.4271
0.3304
0.5046
0.5823
0.4401
0.3291
0.3257
0.3260
0.3268
0.3253
0.3279
0.3264
0.3260
0.3254
0.3254
0.3360
0.3252
0.3253
0.3259
0.3288
0.3256
0.3251
0.3255
0.3252
0.3255
0.3258
0.3253
0.3252
0.3626
0.3255
0.3253
0.3252
0.3251
0.3255
0.3254
0.3251
0.3251
0.3251
0.3251
0.3252
0.3251
0.3251
0.3265
0.3251
0.3251
0.3251
0.3251
0.3251
0.3252
0.3258
0.3261
0.3268
0.3274
0.3279
0.3285
0.3293
0.3308
0.3334
0.3348
0.3364
0.3343
0.3355
0.3384
0.3401
0.3434
0.3435
0.3435
0.3462
0.3473
0.3467
0.3458
0.3437
0.3506
0.3505
0.3487
0.3497
0.3555
0.3584
0.3536
0.3579
0.3594
0.3531
0.3563
0.3513
0.3496
0.3518
0.3558
0.3634
0.3543
0.3543
0.3600
0.3544
0.3486
0.3584
0.3512
0.3478
0.3515
0.3559
0.3540
0.3480
0.3569
0.3560
0.3603
0.3583
0.3588
0.3514
0.3552
0.3681
0.3525
0.3614
0.3551
0.3556
0.3585
0.3540
0.3550
0.3559
0.3596
0.3585
0.3577
0.3567
0.3581
0.3567
0.3628
0.3712
0.3515
0.3632
0.3624
0.3731
0.3605
0.3620
0.3678
0.3561
0.3669
0.3780
0.3516
0.4158
0.3551
0.3534
0.3557
0.3605
0.3609
0.3596
0.3515
0.3677
0.3731
0.3574
0.3586
0.3631
0.3672
0.3764
0.3643
0.3660
0.3560
0.3695
0.3609
0.3661
0.3669
0.3654
0.3802
0.3750
0.3765
0.3809
0.3745
0.3726
0.3911
0.3888
0.3893
0.3674
0.3746
0.3850
0.3773
0.3818
0.3885
0.3644
0.3774
0.3814
0.3957
0.3698
0.3596
0.3854
0.4045
0.3701
0.3812
0.3598
0.3658
0.3879
0.3912
0.3857
0.3906
0.3763
0.3863
0.3685
0.3709
0.3877
0.3805
0.3981
0.3787
0.4000
0.3892
0.3703
0.3769
0.3948
0.4000
0.3873
0.3682
0.3842
0.3767
0.3869
0.3814
0.3698
0.3829
0.3945
0.4158
0.3974
0.3889
0.3714
0.3819
0.3883
0.3983
0.4106
0.3918
0.3936
0.4145
0.3825
0.4019
0.3995
0.4384
0.3997
0.3987
0.4103
0.3988
0.3816
0.4060
0.3916
0.4129
0.4026
0.3994
0.4111
0.4034
0.3956
0.3575
0.3872
0.3960
0.3895
0.4024
0.4135
0.3981
0.4038
0.3989
0.4089
0.4101
0.3992
0.4131
0.3865
0.4121
0.4008
0.4094
0.4025
0.3903
0.3753
0.3992
0.4266
0.4057
0.4099
0.4076
0.4459
0.4074
0.4248
0.4062
0.4007
0.4403
0.4117
0.4053
0.4106
0.3995
0.4090
0.4106
0.4326
0.3975
0.4241
0.4118
0.4421
0.4174
0.4060
0.4045
0.3976
0.3839
0.4285
0.4174
0.4052
0.3919
0.4043
0.3986
0.4261
0.4448
0.4207
0.4435
0.4090
0.4301