0.4093220916201275
0.3702819833831058
0.3650976254937625
0.3624919542971445
0.360873726883811
0.35977118385520596
0.3590191191382539
0.3582866872758991
0.35785062880002283
0.3573512378077328
0.35700901776753613
0.3566783755024506
0.356404305817058
0.35615253505669375
0.35595781412758415
0.3557461218859667
0.3556246696481206
0.35546206707518424
0.3552912304282494
0.35526703150272554
0.35510138091827653
0.3549398537199971
0.35483377712141295
0.3547315307104494
0.3546493309532986
0.35452569300576653
0.3544270084226158
0.3543593124230036
0.3542776855844204
0.35415213642203336
0.3540846913170909
0.35401488880747023
0.35396293032088777
0.35389247412106695
0.3537969995950713
0.353716967260607
0.35365875028632304
0.3536192496682458
0.3534993719598088
0.35351594148154103
0.3534179498319034
0.35340566767740944
0.3533346378598598
0.35330142948368737
0.35329343278184133
0.35322799365586965
0.3531249562436251
0.35309771379094335
0.3530218343416924
0.3530137489806575
0.3529523296214702
0.35294839928017385
0.3528522400184453
0.35285983127628295
0.3527868734107636
0.35276824345652025
0.35269353339594856
0.35267444482672367
0.35258533470439696
0.3526057014050095
0.35255402872716685
0.352584935242615
0.35251998498076226
0.3524607833838635
0.3524246243439493
0.3524472102144331
0.3523741560660903
0.35230836026144224
0.3522978475842453
0.35228399486148365
0.35226043793257417
0.3522602021346918
0.35216158407139886
0.35218437911839434
0.35214072658281675
0.3521120382047038
0.35210832516361595
0.3520648219869158
0.35202480387615454
0.35202408291368803
0.3519677134125251
0.3519849229537736
0.3519407228106507
0.3519678020138364
0.3519112501913579
0.3518751815816864
0.3518935385621215
0.35185725792141626
0.3518356748054349
0.3518581716833549
0.3518486875115524
0.35178061930818233
0.35177495226450367
0.35175613332144784
0.3517025089375967
0.3517027387601979
0.3517305742033913
0.3516802141218764
0.35167791481471083
0.3516576945790968
