0.9837644682669152
0.988036976617727
0.9895906160180222
0.9909888914782878
0.9918433931484503
0.9918433931484503
0.9924648489085683
0.9927755767886274
0.9931639866387012
0.9930086226986716
0.9933970325487455
0.9936300784587897
0.993863124368834
0.9942515342189078
0.994484580128952
0.9940961702788783
0.9945622620989668
0.9945622620989668
0.9950283539190554
0.9946399440689816
0.9947176260389964
0.9948729899790258
0.9951837178590849
0.9949506719490406
0.9951060358890701
0.9952613998290997
0.9952613998290997
0.9952613998290997
0.9951837178590849
0.9953390817991145
0.9956498096791735
0.9952613998290997
0.9953390817991145
0.9956498096791735
0.9955721277091587
0.9957274916491883
0.9954167637691291
0.9958828555892177
0.9955721277091587
0.995805173619203
0.995805173619203
0.9956498096791735
0.995805173619203
0.9960382195292473
0.9958828555892177
0.995805173619203
0.9959605375592325
0.9958828555892177
0.9961935834692768
0.9957274916491883
0.9961935834692768
0.9959605375592325
0.996115901499262
0.9960382195292473
0.9960382195292473
0.9962712654392916
0.996115901499262
0.9960382195292473
0.9962712654392916
0.9958828555892177
0.9962712654392916
0.9961935834692768
0.9961935834692768
0.9961935834692768
0.9963489474093064
0.996115901499262
0.996115901499262
0.9961935834692768
0.9959605375592325
0.9963489474093064
0.9963489474093064
0.9963489474093064
0.996115901499262
0.9962712654392916
0.9960382195292473
0.9963489474093064
0.9962712654392916
0.9962712654392916
0.9962712654392916
0.996115901499262
0.996426629379321
0.996426629379321
0.9962712654392916
0.9963489474093064
0.9963489474093064
0.9962712654392916
0.9962712654392916
0.9965819933193506
0.9963489474093064
0.9962712654392916
0.996115901499262
0.996426629379321
0.9962712654392916
0.9963489474093064
0.996426629379321
0.996426629379321
0.9961935834692768
0.9962712654392916
0.9963489474093064
0.9963489474093064
