0.3361744053083827
0.21094743052131232
0.1838244811230829
0.16532267614218413
0.15083143147514153
0.139979977829737
0.13039540671100697
0.1224472909075205
0.11562727122255621
0.10979785160220114
0.10497207786053372
0.10083875116015041
0.09762812535905883
0.09434841501789591
0.09208524376004291
0.09000872192087435
0.088294735543644
0.08665453810082005
0.0857469938750088
0.08401791465296307
0.08363256935798428
0.08273524478576419
0.08194979516867072
0.08150846940510971
0.08113109062805547
0.08073320257343872
0.08055847434562616
0.08010373035234755
0.08000081261162911
0.07964503365652714
0.07940229218766126
0.07926182714308062
0.0794872508641633
0.07926009681916947
0.07891220856888885
0.0788667121426298
0.07889235678365676
0.07880413911049379
0.07876418013807553
0.07852292338560508
0.07867561722637004
0.07869517710538501
0.07843555339700332
0.07857964484145227
0.07855348428445967
0.07828269621656955
0.07831627628330663
0.07833016387106949
0.07803108974798724
0.07834457108055523
