0.9406109805597095
0.967421491134373
0.9760200811792352
0.9812005981627857
0.9852595599230933
0.9880901516769921
0.990279854731895
0.9923627430036317
0.9941251869258705
0.9950865199743645
0.9954603717154454
0.9962080751976073
0.9959944456312754
0.9968489638966033
0.9972762230292672
0.9974898525955992
0.9979705191198461
0.9982909634693442
0.9983977782525102
0.9985045930356762
0.9985580004272592
0.9987182226020082
0.9989318521683401
0.9987716299935911
0.9987716299935911
0.9989852595599231
0.9989852595599231
0.9989318521683401
0.9991454817346721
0.9991988891262551
0.9991454817346721
0.9992522965178381
0.9991988891262551
0.9993591113010041
0.9993057039094211
0.9991988891262551
0.9993591113010041
0.9992522965178381
0.9993591113010041
0.9993591113010041
0.9993057039094211
0.9992522965178381
0.9993591113010041
0.9993057039094211
0.9993591113010041
0.9993591113010041
0.9993591113010041
0.9993591113010041
0.9993591113010041
0.9993591113010041
