1.5748915265520413
1.518897062120835
1.5083233266015847
1.5000079018056394
1.497562359237671
1.4947262534876664
1.4927904203216236
1.4914315644979477
1.4893213481783867
1.4883375341594218
1.4864896959145864
1.4866847792168458
1.4860151293218136
1.4849938742617765
1.483828388150533
1.4840534935017426
1.4832315008123715
1.4830909237523873
1.4822054910421372
1.4815042461852233
1.4812120688974857
1.4799261080503463
1.4791504568358262
1.4801364455183348
1.4789552582522234
1.4793753520290056
1.4780622578879197
1.4767572968006133
1.4777440730174383
1.4773341106216114
1.477223010466496
1.4773134615540504
1.4763259434262912
1.4772192014793555
1.4768882717370988
1.476315383807818
1.4760493412315845
1.4756361238658429
1.475934871629874
1.4766313664515813
1.4762258129437764
1.4765694165805976
1.4751714294532934
1.475154555819432
1.4748243432104589
1.4751124146083991
1.4739706296940644
1.4750571223894755
1.4748697878201802
1.4741315590560435
1.4750422410786153
1.4747232417841751
1.473380489073197
1.4731219418803851
1.4727635037243367
1.4731637963970503
1.4740904620329538
1.4733257501443227
1.474720402274529
1.4733673506438731
1.4732095364530882
1.4739061152279378
1.4724583180745443
1.4727820665299893
1.4722533502539
1.4725230581204096
1.4713031117975712
1.471781376816829
1.4725322389562925
1.4713758970737458
1.4720392896513144
1.4717546361645062
1.4712440766235193
1.4711504485805829
1.4708294957657655
1.4704426201542218
1.4710578382869561
1.4716408846378326
1.4708570178091527
1.4706910317202408
1.470694816585382
1.4699093927959601
1.4707429810881614
1.4704359459241232
1.4695649450401465
1.4701160179456074
1.4709938071370126
1.4705441635330518
1.4693733126024404
1.4691949422359467
1.468693529299895
1.4689887631475926
1.468624452718099
1.4691912287473679
1.4688801190117995
1.4694092238763967
1.4691976581116517
1.469780980225404
1.4689198633551597
1.4690253907601039
