0.7121883010953157
0.7850539889691602
0.8075817602734405
0.8208653771459644
0.833605220228385
0.8440922861803776
0.8555892177425619
0.8649110541443331
0.8750873922162666
0.8803697661772703
0.8876718713586577
0.8934980191097647
0.8969160257904141
0.9001009865610192
0.9046065408218752
0.9098889147828789
0.9111318263031151
0.9158704264740154
0.9167249281441777
0.918900023304591
0.9194437970946944
0.921152800435019
0.9236386234754913
0.9223180299852404
0.9231725316554028
0.9268235842460965
0.9254253087858308
0.9278334498562884
0.9275227219762293
0.9267459022760817
0.9271343121261555
0.9283772236463916
0.9281441777363474
0.9283772236463916
0.9291540433465393
0.9282218597063622
0.9297754991066574
0.9286879515264507
0.9292317253165541
0.9287656334964655
0.9310960925969083
0.9287656334964655
0.9300862269867164
0.9305523188068049
0.9306300007768197
0.9301639089567312
0.9300085450167016
0.9297754991066574
0.9315621844169968
0.9310960925969083
