0.34938908777733746
0.20691241823411335
0.18008297609353818
0.16245539136744264
0.14834708811802158
0.1378076986554986
0.12834153640101226
0.12059314765376605
0.11375360537612399
0.10848876674355881
0.10360421771390019
0.0998480979068555
0.09675157539778326
0.09356416713764144
0.09135979963607932
0.08925698179904412
0.0878418402833935
0.08625004595862472
0.08488130946944618
0.08399304329841607
0.0831194932946022
0.08237618509969552
0.0818426671275754
0.0814751704477793
0.08095122242522657
0.08051388317893997
0.08043026952479447
0.0800596868280626
0.07998251765013845
0.07956808450327697
0.07937555765452503
0.0793754349741137
0.07934060549029273
0.07901952413903211
0.07891283550263364
0.07888909793372391
0.07881825300689715
0.07869859181787918
0.07876883733550633
0.07866056940983739
0.0784922964544852
0.07846139195517819
0.07840107519370539
0.07840140016814882
0.07861208019065521
0.07857768982732181
0.07822268421343109
0.078405482693678
0.07818759267475352
0.07832029298039006
