0.9591392837722365
0.9823661928066496
0.9843082420570186
0.9850073797871514
0.9844636059970481
0.9849296978171367
0.9846189699370776
0.9852404256971957
0.9857065175172842
0.9855511535772548
0.9852404256971957
0.9849296978171367
0.9848520158471219
0.9846966519070923
0.9849296978171367
0.9850073797871514
0.9852404256971957
0.9853181076672104
0.9845412879670629
0.98547347160724
0.9850073797871514
0.9853957896372252
0.9855511535772548
0.9851627437271809
0.9850850617571661
0.9855511535772548
0.9852404256971957
0.9845412879670629
0.9850073797871514
0.9849296978171367
0.9850850617571661
0.9851627437271809
0.9848520158471219
0.9850850617571661
0.9846966519070923
0.9844636059970481
0.9846189699370776
0.9850073797871514
0.9842305600870038
0.984152878116989
0.9848520158471219
0.984152878116989
0.9846189699370776
0.9845412879670629
0.9843859240270333
0.9851627437271809
0.9842305600870038
0.9846189699370776
0.9846189699370776
0.9843082420570186
