0.32105947118622497
0.2883387947148183
0.2827336499431738
0.2800058887276859
0.2783861173709512
0.27708489373587464
0.27610163074505983
0.2754544606094984
0.27473398016591916
0.274282836698666
0.27383774654522225
0.2735178620817068
0.2732058423296913
0.272874799823944
0.2726346115932861
0.27242972842193647
0.2721210116263404
0.27196721140649077
0.271712824490846
0.27152999778648307
0.27135508713310735
0.2712082670091528
0.27106118741446955
0.27089491812131417
0.27080980102708674
0.27069231689951295
0.27059005346367465
0.2703561943911726
0.2702816757410043
0.27022167470942277
0.27016576380159396
0.27005528735857814
0.2699697268658858
0.269848233015166
0.2697541024346241
0.2697520450645527
0.2696416404983114
0.26958092152226687
0.2694924460007977
0.26942078863225344
0.2693529948206661
0.26930428681976903
0.2692220470425164
0.26920926558953495
0.2691646679487198
0.26905560659120603
0.2689464644152261
0.2689341994487788
0.2688780103312214
0.2687913501845678
0.2687388965749637
0.26866727343606067
0.26863425384079587
0.26854304378587046
0.26853603735986487
0.2684515376229096
0.2684371604125103
0.2684029326691012
0.2683265584176977
0.2682812035088745
0.2681795575447223
0.26816755156398836
0.26809873873782347
0.26811325975151695
0.26805231089316195
0.2680584519126542
0.26794389350906556
0.26787389557919944
0.26788410192448475
0.2678166888722632
0.2677641687160779
0.2677747420040122
0.26771567045816536
0.2676255633851519
0.26763992237390094
0.26757673320020503
0.26751131656780364
0.267521942911433
0.267447266576585
0.26741173448536354
0.26743309848984304
0.2672255629590588
0.2673328629774316
0.26727473504494353
0.2671760554813897
0.26722228780520657
0.26717735256392217
0.26709558928058613
0.2670005678886803
0.2670263404779334
0.26702503366773583
0.26698055826569017
0.26692383907868417
0.26695159235833943
0.26683953561621265
0.266851995566257
0.2668361408376988
0.26687560537048066
0.26682871564951627
0.2667561216194987
