0.9444166249374061
0.9631113336671674
0.9656150893006176
0.9679519278918377
0.9684526790185278
0.970288766483058
0.970872976130863
0.971874478384243
0.972458688032048
0.9726256050742781
0.9736271073276581
0.9736271073276581
0.9743782340176932
0.9737105658487731
0.9744616925388082
0.9746286095810383
0.9752128192288433
0.9750459021866132
0.9754631947921882
0.9758804873977633
0.9763812385244534
0.9757135703555333
0.9755466533133033
0.9758804873977633
0.9757135703555333
0.9765481555666834
0.9759639459188784
0.9765481555666834
0.9765481555666834
0.9771323652144884
0.9768819896511434
0.9771323652144884
0.9771323652144884
0.9768819896511434
0.9776331163411784
0.9775496578200634
0.9775496578200634
0.9774661992989484
0.9772992822567184
0.9778000333834085
0.9780504089467534
0.9781338674678685
0.9776331163411784
0.9787180771156735
0.9776331163411784
0.9778000333834085
0.9779669504256384
0.9783842430312135
0.9784677015523285
0.9787180771156735
0.9788015356367885
0.9787180771156735
0.9787180771156735
0.9788849941579035
0.9783007845100985
0.9790519112001336
0.9792188282423635
0.9789684526790186
0.9787180771156735
0.9787180771156735
0.9785511600734434
0.9793022867634785
0.9792188282423635
0.9790519112001336
0.9790519112001336
0.9795526623268236
0.9793857452845935
0.9793857452845935
0.9794692038057086
0.9795526623268236
0.9790519112001336
0.9794692038057086
0.9798030378901685
0.9798030378901685
0.9795526623268236
0.9797195793690536
0.9801368719746286
0.9799699549323986
0.9793857452845935
0.9799699549323986
0.9794692038057086
0.9804707060590886
0.9799699549323986
0.9798030378901685
0.9800534134535136
0.9802203304957436
0.9801368719746286
0.9796361208479386
0.9798864964112836
0.9798030378901685
0.9796361208479386
0.9802203304957436
0.9803037890168587
0.9806376231013186
0.9801368719746286
0.9803037890168587
0.9810549157068936
0.9798030378901685
0.9803872475379736
0.9801368719746286
