4.244615235708512
2.279270645955006
2.104831802034699
2.0145770931588673
1.952362732327099
1.9029245037492173
1.8582816173020562
1.8211341953920053
1.7859936203039308
1.753719131400349
1.7238939414547103
1.6977048855013168
1.6705034247116028
1.646298613259399
1.62328565509203
1.6027374764366304
1.5836827500182313
1.5634618817652464
1.5473095330021125
1.5292249142161565
1.5145024139723122
1.4987409381954175
1.4854980989750592
1.473909762504946
1.4624311207917744
1.4505413178347464
1.440372076981454
1.4312334968321658
1.4225032299139344
1.4131075871843086
1.4054778160990369
1.3973745638064672
1.39122635771233
1.3823425949157313
1.3767908649455318
1.3720590829231183
1.3668315211940658
1.3601116992900275
1.3558750678715445
1.3512361589166404
1.3456117725651673
1.3426311578989414
1.3361567411472715
1.3357144566342425
1.3317350993225947
1.3286314960205552
1.3242858934076824
1.3243619731164737
1.3199435936991832
1.3183869465923659
