0.2340176932064764
0.29761308629611083
0.30946419629444166
0.32223335002503756
0.3300784510098481
0.3323318310799533
0.33784009347354366
0.3442663995993991
0.3473543648806543
0.34877315973960943
0.3535302954431647
0.3553663829076949
0.3578701385411451
0.3612084793857453
0.3601235186112502
0.3657152395259556
0.3657152395259556
0.36663328325822064
0.37097312635620094
0.3739776331163412
0.3724753797362711
0.371223501919546
0.37564680353864127
0.37531296945418124
0.3773159739609414
0.3757302620597563
0.37973627107327657
0.37656484727090633
0.3784009347354365
0.38357536304456685
0.3799866466366216
0.38374228008679684
0.3803204807210816
0.3811550659322317
0.37823401769320647
0.38249040227007175
0.3793189784677016
0.3821565681856118
0.3809046903688867
0.38357536304456685
0.3809046903688867
0.38666332832582206
0.3819061926222667
0.3815723585378067
0.385828743114672
0.38173927558003673
0.3847437823401769
0.3839091971290269
0.38207310966449676
0.386246035720247
