2.192990112000704
2.1415175424714885
2.1241642788330712
2.120815809084972
2.080865828462442
2.0756704868694147
2.0751921022951603
2.075758363209168
2.075750843133529
2.039060765103499
2.033788233325879
2.0339319337685904
2.03442798529466
2.035605511454741
2.034897754271825
2.0353170390586057
2.035252800653378
2.0348671276668706
2.0351565345148246
2.038002925425768
2.0382754738211633
2.038999825612704
2.039821569397052
2.037679230719805
2.037310188939174
2.0362628123720485
2.0358316557546456
2.0396349221368633
2.0439722373267015
2.039187383679549
2.044723312064012
2.041953651811679
2.0425051313400266
2.04143918693463
2.043860627269745
2.0383333694358665
2.041944070794185
2.041297655022144
2.0439455241243043
2.043479408740997
2.0448840085327626
2.042319034512838
2.0411546215236185
2.043531114391486
2.0464614144245785
2.0418286241968473
2.041663519477844
2.043241852001349
2.045592437384526
2.0435667384008567
