1.139967998655251
0.9775797727943338
0.9529536415250685
0.9405277767478152
0.9327666698768865
0.9273527955569413
0.9232403934916561
0.919483153022043
0.917031063986734
0.914627330156271
0.9128314827331828
0.9109982207893277
0.9094611811128467
0.9083247578043763
0.9072081233362107
0.9060404146434871
0.9050003586344494
0.9041055850784964
0.9033360069300391
0.9027178287005453
0.9020217114215121
0.9011821775589166
0.9005281694055517
0.9001323101175024
0.8993857617413727
0.8988996274643619
0.8985978204461608
0.897941961270842
0.8975751185495471
0.8971695113914412
0.8966427700040059
0.8962917042255785
0.8959072404710533
0.8954224776939611
0.8952377253692516
0.8947037759696146
0.8943856674324028
0.8943704533501716
0.8939175552518839
0.8934723268830695
0.8934633862141335
0.8931464310239202
0.8929624520249932
0.8927157373430901
0.8924143206603455
0.8922205542032592
0.8917720351248517
0.8918753784240473
0.8913609283904067
0.8914042965840074
0.891355096398371
0.8908526951687448
0.8907736253927854
0.8907372464116101
0.8906327272776813
0.8903831493707107
0.8901306094363146
0.889990256176617
0.8897180917728112
0.8897991317229739
0.8894988565995828
0.8895144556397674
0.8893484048395502
0.8891698554744284
0.8889578941817693
0.8889587805953176
0.8888112509147784
0.8885869679020465
0.8885875643439741
0.8882958194068244
0.8883479458430988
0.8881325828460632
0.8880497438956378
0.887788933421108
0.8878818721277011
0.8877776928613736
0.8875314556313538
0.8875443649270794
0.8873014735015979
0.8873864430202718
0.887161421073013
0.8870418445198096
0.8871317137710112
0.8869852124233172
0.8866923428422512
0.8866558546336869
0.8866539550736114
0.8865988206042873
0.8864227637535936
0.8864941522040841
0.8863330736592858
0.8860770912789602
0.885966025430052
0.8859776179491162
0.8859319120513681
0.885698483298806
0.8858714269684977
0.8856445381033703
0.8855489966101736
0.8853817115058031
