0.6349166666666667
0.6748166666666666
0.6864
0.69355
0.6978833333333333
0.7002
0.7028333333333333
0.7051833333333334
0.7076166666666667
0.7080333333333333
0.7089833333333333
0.7108833333333333
0.7109333333333333
0.7123333333333334
0.7127833333333333
0.7129166666666666
0.7140166666666666
0.7146666666666667
0.7151666666666666
0.71565
0.7161666666666666
0.71575
0.71635
0.717
0.7174333333333334
0.71815
0.7178666666666667
0.71815
0.7182666666666667
0.7187166666666667
0.7193666666666667
0.7193
0.71935
0.72005
0.7196833333333333
0.7202166666666666
0.7205666666666667
0.7206166666666667
0.7206166666666667
0.72065
0.7207833333333333
0.7212
0.7215
0.7215833333333334
0.7217833333333333
0.72185
0.7213
0.72185
0.7215
0.72225
0.7220166666666666
0.7221333333333333
0.7222666666666666
0.7217333333333333
0.7225166666666667
0.7223166666666667
0.7229
0.7225666666666667
0.7227333333333333
0.7226333333333333
0.7229
0.7233166666666667
0.7227833333333333
0.7234833333333334
0.7232333333333333
0.72345
0.7233333333333334
0.72315
0.7238666666666667
0.7233833333333334
0.7239666666666666
0.7232333333333333
0.7236333333333334
0.72415
0.7236166666666667
0.7238
0.72375
0.7240666666666666
0.7245833333333334
0.724
0.7241666666666666
0.7243666666666667
0.7244833333333334
0.7246
0.7247666666666667
0.7244666666666667
0.7242833333333333
0.7248333333333333
0.7248
0.725
0.7246666666666667
0.7246166666666667
0.7246833333333333
0.72495
0.7249833333333333
0.7247
0.7248833333333333
0.72465
0.7252
0.7250333333333333
