0.9474471266823329
0.9805597094637898
0.9872356334116642
0.9913480025635548
0.9921491134372997
0.9932172612689596
0.9946592608417005
0.9951933347575305
0.9952467421491135
0.9963682973723563
0.9965819269386883
0.9965819269386883
0.9969557786797693
0.9968489638966033
0.9973830378124332
0.9975966673787652
0.9979705191198461
0.9979705191198461
0.9983977782525102
0.9983977782525102
0.9981841486861782
0.9986648152104252
0.9985580004272592
0.9993057039094211
0.9986114078188422
0.9986648152104252
0.9991988891262551
0.9986114078188422
0.9993057039094211
0.9989852595599231
0.9988784447767571
0.9992522965178381
0.9989318521683401
0.9989318521683401
0.9988784447767571
0.9989318521683401
0.9991988891262551
0.9993057039094211
0.9992522965178381
0.9995193334757531
0.9992522965178381
0.9994125186925871
0.9994659260841701
0.9992522965178381
0.9986648152104252
0.9992522965178381
0.9988784447767571
0.9991988891262551
0.999626148258919
0.999572740867336
