4.4817059057205295
3.6256436872195024
3.4791159678534798
3.400232522277712
3.3498316044927767
3.313238199242576
3.2894951681828792
3.2738257425364496
3.259320685625985
3.2510303236388545
3.24582815628073
3.239696584955187
3.2338604825243773
3.231759884806321
3.230081025816785
3.227476517819569
3.2267163645753296
3.225501525155529
3.2248552887903825
3.2245307649159165
3.2235671513538464
3.2230931575434583
3.22202711500673
3.221840917129652
3.222958890174264
3.2232278600966766
3.2225970012355574
3.2213242380118445
3.220481335928133
3.2196220548605248
3.2202297777949123
3.2198993242626335
3.220117352003091
3.2201457449807185
3.2199680164750393
3.219170645217801
3.218371377941852
3.219497163282413
3.219176383617223
3.2184599909947615
3.2191567587629515
3.218615778716656
3.217879877381154
3.2200534778907928
3.219441638324727
3.218328145631167
3.2171696517891504
3.2195686182848267
3.2168235468249953
3.218312173994816
3.218656001456895
3.218053829096007
3.2179460467226617
3.216685488379566
3.218975576236305
3.2187593137691914
3.2176743912901022
3.217382582615484
3.2173726112344
3.218656302013577
3.2177190129247615
3.217838301907882
3.2174105725403566
3.2183887405744724
3.2177760769462416
3.2188823043207337
3.2166500815546613
3.2186039644341093
3.217834030056384
3.2185020653505267
3.217714082085773
3.2180663114093844
3.217705802894894
3.217328427486146
3.2184513824551253
3.2159358954029793
3.217423269669484
3.217895740806369
3.216958355812319
3.217484221404646
3.2180511572819475
3.2178190675602245
3.2163936141409297
3.2179035633891897
3.217296396463696
3.218373869937636
3.217865835847539
3.2170242953558517
3.216533619174568
3.2181952401241607
3.2182558099085816
3.2158866374512947
3.218399219506913
3.21721051947543
3.215569307309147
3.2183712743823327
3.2172924891593913
3.2164430978902874
3.217260067864263
3.217263398551816
