0.84195
0.9098166666666667
0.9192666666666667
0.9233
0.9272333333333334
0.92995
0.9322
0.9323333333333333
0.93405
0.9354166666666667
0.9364833333333333
0.9371333333333334
0.9389666666666666
0.9393833333333333
0.9399333333333333
0.9419
0.94165
0.9422666666666667
0.9427
0.9436
0.9444833333333333
0.9451833333333334
0.9454833333333333
0.9459333333333333
0.946
0.9471833333333334
0.9476166666666667
0.9472166666666667
0.9484166666666667
0.9488
0.9485166666666667
0.9487333333333333
0.9484666666666667
0.9493666666666667
0.9496666666666667
0.9499166666666666
0.9504
0.95025
0.9507166666666667
0.95075
0.9512333333333334
0.9514333333333334
0.95195
0.95175
0.9522833333333334
0.9514666666666667
0.9521333333333334
0.952
0.9524666666666667
0.9530166666666666
0.9528666666666666
0.9529666666666666
0.95385
0.9525166666666667
0.9536333333333333
0.9539166666666666
0.9534
0.9539666666666666
0.9539333333333333
0.9536166666666667
0.9540166666666666
0.9541333333333334
0.9545833333333333
0.9545333333333333
0.95445
0.9546666666666667
0.9548
0.9545166666666667
0.9547833333333333
0.9551333333333333
0.9555666666666667
0.95595
0.9557
0.9554
0.9561
0.955
0.9562
0.9561666666666667
0.9563
0.95615
0.9559166666666666
0.9562666666666667
0.9561333333333333
0.9568833333333333
0.9560833333333333
0.9564333333333334
0.95615
0.9564666666666667
0.9563
0.9565333333333333
0.9571
0.9561
0.95715
0.9565666666666667
0.9569166666666666
0.9562833333333334
0.95715
0.9569166666666666
0.9573
0.9569333333333333
