0.6040325676737828
0.5706646959767895
0.5636574334694366
0.5599501912498597
0.5591321483658716
0.557959966601864
0.5568221453302717
0.5562394616110308
0.5562816532064111
0.5550160001063291
0.5549669877264495
0.554782929337832
0.5545213906823812
0.5544761304632768
0.5540396130618518
0.5537957441212148
0.5534827092555414
0.5534487369159327
0.5530251449491702
0.5530540657219177
0.5531197055407097
0.5527984754915957
0.5529039768238297
0.5521765976437543
0.5527435176311662
0.5527949902465572
0.5522506965216447
0.5528442896226103
0.5521926303445669
0.5524838053786686
0.5525907280416577
0.5522351248591304
0.5525100949552421
0.5524813629697974
0.5525543438563156
0.5524642193891686
0.552241487101061
0.5521412566415623
0.5521727403440019
0.55190686122
0.5521699914092362
0.552015346060118
0.5519908543447735
0.5521556131766153
0.5528010662021965
0.552192776083717
0.5525353838715689
0.5522378204349421
0.5518209486244785
0.5518688774788846
