1.6925479188859462
1.6054893248776594
1.5944282531162104
1.592211551819245
1.58964432939291
1.5877505549808344
1.5855333410342534
1.5913810849706331
1.5851201642374197
1.5880121759653092
1.5921471181909244
1.595498933349053
1.6003760216375191
1.5919868523518244
1.5897549406250318
1.60286016176939
1.6077401174704233
1.600667138038079
1.6151420607765516
1.6086902006765207
1.6072491171379883
1.6093008746484916
1.6148387024422486
1.6347833722392717
1.6127899069666862
1.62699486823678
1.6391044125457606
1.622007022158305
1.634186773278316
1.6258830384910106
1.6277631739238898
1.6237503530959287
1.6111812539219856
1.6243830727318922
1.626384671151638
1.6199479687154292
1.6260929441690446
1.622470417535305
1.6204477344453334
1.6209863851288955
1.6113011898438137
1.6226270467877388
1.6351346130728721
1.6139079087853432
1.6219972815573216
1.6426688821574051
1.6129228332897028
1.6234428419808546
1.619443940625588
1.6314686349948246
1.6250456376095612
1.6240992839793364
1.6356007364432017
1.6256504366060098
1.627536889821291
1.6194714393933614
1.6239125694394112
1.646768947227796
1.6219489967823029
1.6292248514155547
1.6370101887325446
1.650574977570772
1.6395912035803
1.626651614989837
1.6211205480992794
1.6269911913077038
1.630372072760264
1.6386190411508084
1.6474534027735392
1.63189271042943
1.636074059933424
1.6261991374591986
1.6236704069217045
1.623924889520804
1.627104394328594
1.6407632774909338
1.6419288450698057
1.6404043004095554
1.620996890749534
1.6289609716296196
1.6377685698787372
1.6195497417946656
1.652206961508592
1.6296747078955174
1.6220398864865304
1.6274837768455346
1.6336957333147526
1.6624551690995693
1.6188740986724695
1.6214265267908574
1.6338097988982996
1.6409992439250152
1.6390313947955768
1.6606850218951703
1.643932716335853
1.6190559794326622
1.6248044817845027
1.6151501107970874
1.6350064105252424
1.632515499764681
