0.9430143131809442
0.9760200811792352
0.9824823755607777
0.9851527451399273
0.9878765221106601
0.9898525955992309
0.9917218543046358
0.9916684469130528
0.9942854091006196
0.9939649647511215
0.9943388164922026
0.9950331125827815
0.9951933347575305
0.9962080751976073
0.9956740012817774
0.9954603717154454
0.9965285195471053
0.9962614825891903
0.9961012604144414
0.9961012604144414
0.9962080751976073
0.9967421491134373
0.9968489638966033
0.9969023712881863
0.9968489638966033
0.9978637043366801
0.9973296304208502
0.9969023712881863
0.9971694082461012
0.9979705191198461
0.9979171117282631
0.9979171117282631
0.9982375560777612
0.9979171117282631
0.9982375560777612
0.9986648152104252
0.9982375560777612
0.9978637043366801
0.9981307412945952
0.9971160008545182
0.9981307412945952
0.9989318521683401
0.9983977782525102
0.9978102969450972
0.9983977782525102
0.9985045930356762
0.9988250373851741
0.9986648152104252
0.9980239265114291
0.9983443708609272
