0.9801910976462364
0.9891245241979336
0.9907558455682436
0.9919210751184651
0.9926978948186126
0.9930863046686864
0.9933193505787307
0.9933193505787307
0.9937077604288045
0.9942515342189078
0.9945622620989668
0.9943292161889226
0.9947953080090111
0.9947953080090111
0.9949506719490406
0.9951060358890701
0.9948729899790258
0.9952613998290997
0.9952613998290997
0.9957274916491883
0.9957274916491883
0.9957274916491883
0.9958828555892177
0.9957274916491883
0.996115901499262
0.9959605375592325
0.9959605375592325
0.9960382195292473
0.996115901499262
0.9958828555892177
0.996115901499262
0.9961935834692768
0.9965043113493358
0.9961935834692768
0.9962712654392916
0.9963489474093064
0.996426629379321
0.9963489474093064
0.9962712654392916
0.9967373572593801
0.996426629379321
0.9965043113493358
0.9963489474093064
0.9963489474093064
0.9965043113493358
0.996426629379321
0.9963489474093064
0.9963489474093064
0.9965819933193506
0.9965043113493358
0.9965819933193506
0.9965819933193506
0.996426629379321
0.9967373572593801
0.996426629379321
0.9966596752893654
0.9965043113493358
0.9965819933193506
0.9966596752893654
0.9965819933193506
0.9965043113493358
0.9967373572593801
0.9967373572593801
0.996426629379321
0.9965043113493358
0.9967373572593801
0.9965819933193506
0.9967373572593801
0.9966596752893654
0.9968927211994096
0.9965043113493358
0.9968150392293949
0.9968150392293949
0.9965819933193506
0.9965043113493358
0.9968150392293949
0.9967373572593801
0.9966596752893654
0.9967373572593801
0.9966596752893654
0.9966596752893654
0.9967373572593801
0.9967373572593801
0.9966596752893654
0.9969704031694244
0.9966596752893654
0.9968150392293949
0.9966596752893654
0.9967373572593801
0.9966596752893654
0.9969704031694244
0.9966596752893654
0.9968150392293949
0.9966596752893654
0.9968150392293949
0.9968150392293949
0.9968150392293949
0.9968150392293949
0.9968150392293949
0.9968150392293949
