0.47235
0.48105
0.48246666666666665
0.4820333333333333
0.4829
0.5168833333333334
0.57005
0.56945
0.56935
0.569
0.5685
0.5664333333333333
0.5672166666666667
0.56595
0.5627166666666666
0.5641833333333334
0.5616333333333333
0.56175
0.5628166666666666
0.5625
0.5606666666666666
0.5614333333333333
0.5567666666666666
0.5616833333333333
0.5561833333333334
0.5535833333333333
0.5590666666666667
0.5542166666666667
0.5542833333333334
0.5582333333333334
0.5646833333333333
0.5559666666666667
0.5612833333333334
0.5614833333333333
0.5570833333333334
0.5589833333333334
0.55055
0.5554333333333333
0.5592333333333334
0.5583166666666667
0.5568333333333333
0.5525333333333333
0.5569166666666666
0.5486333333333333
0.5495833333333333
0.5489333333333334
0.5490666666666667
0.5537
0.5546333333333333
0.5566166666666666
