2.1439297043561933
2.1375075838506223
2.136593000417948
2.1366554565171403
2.1363733203411104
2.124012551911672
2.1049302584290506
2.10448001994888
2.104843074834347
2.1047647288878757
2.1047352808117865
2.104822759113709
2.1043048437178133
2.1047715674956637
2.105325795610746
2.1047105551739533
2.104547473812103
2.104730472079913
2.104738951814175
2.1039661344548066
2.104799209733804
2.1041046575466793
2.1056438529749713
2.1038573501805464
2.1046678951621054
2.105677720373869
2.1043646156112352
2.1059879429976145
2.105900010919571
2.104704293167591
2.1028160960892834
2.1049977506856123
2.1033209872603416
2.103258661935727
2.1044074091136458
2.103389530346791
2.106726877470811
2.1049674964825313
2.103823410151402
2.1045178931057453
2.1047203930636247
2.105830713502566
2.104762539033095
2.1074889449139436
2.107245076205333
2.107031320075194
2.1069652882297834
2.105348127148549
2.1053818897565204
2.104676779937744
