0.6616833333333333
0.7301666666666666
0.7349333333333333
0.7375833333333334
0.7387
0.7410833333333333
0.7402166666666666
0.7430333333333333
0.74495
0.7478833333333333
0.7474
0.7489
0.7498833333333333
0.7475333333333334
0.7465333333333334
0.7467333333333334
0.7490333333333333
0.7470333333333333
0.7473
0.7435333333333334
0.7471333333333333
0.7465833333333334
0.7430833333333333
0.74485
0.74815
0.7449833333333333
0.7493166666666666
0.7435666666666667
0.744
0.74715
0.7461833333333333
0.7470166666666667
0.7405333333333334
0.7410666666666667
0.73755
0.7441
0.7390166666666667
0.7410833333333333
0.7406333333333334
0.7384
0.7453166666666666
0.7454833333333334
0.7375333333333334
0.7427333333333334
0.7420166666666667
0.74185
0.7379666666666667
0.7406333333333334
0.7394833333333334
0.7424166666666666
