0.4499326088805964
0.27378051963790306
0.24111593617268934
0.2205147942712591
0.20584111443996178
0.1938324585698419
0.18394023982648186
0.17413277390146956
0.1660567684474153
0.15916533024596657
0.15324555267107523
0.14843307155530516
0.1442842904764945
0.14061821348321524
0.13587990522087484
0.13308656551126344
0.12989153745594034
0.12707203280979137
0.12432203492094347
0.12172036557445406
0.11954344144915152
0.11729641675670811
0.11468448452252036
0.11349345173608648
0.11242282935437226
0.110077493418203
0.1094740896657221
0.10721563366326585
0.1068623322579063
0.10558992141443611
0.10402980012854605
0.10364355282355733
0.10245315382244914
0.10091310503067057
0.09966327079534294
0.10006972843911657
0.09888510813197635
0.09745402541478745
0.09742538450290952
0.09648259042666406
0.09525497723099877
0.0945918733769095
0.0942331595364143
0.09323010416288535
0.09310494975118375
0.09189316984397852
0.0914389862966578
0.09072536046750714
0.09044520091023425
0.08968268534305052
0.08928882841737465
0.08802379133235448
0.08807897599085303
0.08774267354203522
0.08715516775240457
0.08719255377830724
0.08598080827171509
0.08598560315170048
0.08455233823362736
0.08410072425541205
0.08374699696667218
0.08345923607095855
0.08361038345792356
0.08202950497397722
0.08277081391977481
0.08239212264996866
0.08175367304560746
0.08186232195123257
0.08097162667731256
0.08084120034824573
0.08058831619909534
0.0793655628558741
0.079465565272668
0.07951469211654506
0.07868068876118811
0.0792892038495312
0.0780344666670516
0.07904753992631101
0.07798245270179668
0.0763968427823873
0.07731587791366226
0.07660400575901571
0.07658345808440443
0.07663396067239486
0.07573590263144679
0.07577835610924993
0.07447193783268093
0.07519943400114514
0.07509256304370517
0.07391378007475496
0.07383735099067892
0.07436780177655376
0.07359437187472331
0.07333857927455645
0.07338067271823823
0.0728644096679941
0.07344171191352017
0.07200961964906306
0.07238795132735328
0.07348779431209654
