8.35846719605171
4.3182592196401615
3.900071964139509
3.722402921749662
3.627123529228791
3.5590762450917492
3.5081722406737152
3.4696590537077507
3.441795324657427
3.411787114846213
3.3878366745187014
3.3696571226578134
3.351527410229152
3.3339070813225775
3.319654033663773
3.300298645681746
3.2869740770069704
3.274791781932522
3.260970685282401
3.2521027256364143
3.244823547141957
3.2302782737141102
3.224841023598619
3.211070062402928
3.205248499668366
3.19857061141089
3.1856319863526936
3.180618404528284
3.175218642031657
3.1658425533427628
3.163288913803785
3.1515387567443724
3.1496887294313787
3.139058059165576
3.1336690172525143
3.1290477915095987
3.1268373099952904
3.1185278803552436
3.112609206303517
3.1121991372743203
3.1083985884067706
3.098732891415222
3.0949875542312344
3.0934105145643733
3.085834057952027
3.082900082645048
3.0809343418326582
3.075278926080758
3.0703104962688075
3.0689689343886974
3.0673014399819083
3.06283214024625
3.058308703815881
3.0561211157620876
3.048935765246347
3.0501387755030533
3.0477183263028107
3.0444545379797168
3.0414519883003193
3.039675674310031
3.036197816312402
3.031027459461801
3.0310704081061504
3.028401930270064
3.0260526821722937
3.0239512060341602
3.023651270350483
3.0206258128520695
3.0163960801768135
3.0157447725807436
3.016173033796639
3.009416807153792
3.011554183824659
3.012456765078553
3.00538270788034
3.005794862321978
3.0014637113295386
3.0040350587598508
2.9947350823984284
3.0000611305206135
2.9988105860427647
2.9970145861019386
2.995546828101254
2.990093582406082
2.991100232512615
2.9889134081956055
2.988283956247523
2.9860008659271493
2.983145691699517
2.984318360311714
2.9862280916430257
2.9857151763370915
2.9800927936190718
2.980800908037532
2.9809859447382916
2.9783630319081182
2.9743053159747594
2.97835045947114
2.9744737868493942
2.975552617085367
