0.727412269115448
0.7050552895665169
0.6798176676034927
0.6665599662065506
0.6408220988512039
0.5977433347702026
0.5677193886041642
0.5380466340482235
0.4794530928134918
0.43183271527290346
0.40701382912695405
0.3446808066405356
0.3036842790618539
0.27977469984441994
0.2431828225404024
0.20762327335309239
0.19289084564894438
0.16207043085480108
0.14627967919921503
0.1344131778529845
0.11470633989083581
0.1037875197903486
0.0879705691896379
0.08116402667743387
0.07360022553490125
0.06719538275006925
0.057956703238160115
0.05151597414194839
0.048816699387352856
0.043472984986910886
0.04088953887054231
0.037107452483323866
0.03264940618624678
0.029069847080045293
0.02568015161788935
0.02468379676333825
0.020496313837215892
0.01950269167065926
0.018451458778645246
0.01601485444912214
0.016744427183766675
0.015322313253482206
0.012322632253243456
0.01138844185578364
0.011608948874545603
0.009108969916542264
0.008669029518168827
0.00865960123503669
0.007135138119745079
0.006741148947770626
