0.8774833333333333
0.9123666666666667
0.9188333333333333
0.9218833333333334
0.9246
0.9261
0.9273166666666667
0.9283
0.9289333333333334
0.9297833333333333
0.9306833333333333
0.93135
0.93175
0.9321166666666667
0.9328333333333333
0.9328333333333333
0.93345
0.9333
0.9340333333333334
0.9340666666666667
0.9347166666666666
0.9345333333333333
0.9346666666666666
0.9351333333333334
0.9353666666666667
0.9354333333333333
0.9358166666666666
0.9359166666666666
0.9361
0.93555
0.9366166666666667
0.9363833333333333
0.9365
0.9365666666666667
0.9365166666666667
0.9365833333333333
0.9367333333333333
0.9370666666666667
0.9368
0.9367833333333333
0.9368833333333333
0.93775
0.9375833333333333
0.9378333333333333
0.9378333333333333
0.9376833333333333
0.9377166666666666
0.9378
0.9379166666666666
0.9385833333333333
0.9381166666666667
0.9381166666666667
0.9382166666666667
0.9379
0.938
0.93875
0.93835
0.93815
0.93855
0.9386833333333333
0.9388333333333333
0.9389
0.9386166666666667
0.9386166666666667
0.9390333333333334
0.9391
0.93875
0.9384833333333333
0.9389
0.9390333333333334
0.93925
0.9388166666666666
0.9390166666666667
0.93925
0.93925
0.93925
0.9397
0.93925
0.9396
0.9390833333333334
0.9396333333333333
0.9393833333333333
0.9390333333333334
0.9393
0.9395666666666667
0.9397666666666666
0.9394666666666667
0.93965
0.93955
0.93945
0.9402
0.9397
0.9402
0.9401
0.9399333333333333
0.9398166666666666
0.93975
0.9402333333333334
0.9398
0.9397333333333333
