0.5068589856682743
0.31364159450900575
0.28993880265344896
0.27820890984306157
0.27094864622933984
0.265449677304805
0.2611424932708393
0.2578909230440236
0.2548943368304538
0.2524029024134175
0.25061579828654645
0.24886098812084648
0.2471152624898469
0.24592476905098107
0.24421670821782956
0.2432955437382258
0.24207756087386026
0.24120358774481956
0.2402863883541796
0.23930470953251348
0.2385480620739868
0.23802497971872924
0.2371306322183684
0.23631393253114116
0.2357871686557881
0.2353785243967882
0.23464620784046136
0.23395659076361153
0.23364087892883345
0.23319722108257648
0.23270216937047683
0.23238694941244478
0.2319734208424826
0.23137814166871812
0.23092310520089004
0.23095621956834544
0.23037744902784332
0.22989759623810938
0.22955183602918813
0.2294779837643559
0.22923978280254595
0.22859224643797413
0.22851856323898173
0.22826624166575687
0.2279785359062303
0.22752472652103212
0.22730160125946272
0.22707325343422838
0.22710096204937097
0.22664347249167477
0.2265424205229175
0.22623193569700414
0.22627927499957004
0.2258667230791236
0.22587361029737313
0.22553735804910904
0.22551784958901164
0.22548223063111184
0.22512256044231177
0.22494376101873617
0.22489309709766567
0.2245780613396195
0.2243889735566896
0.22433361476212227
0.22412906963362572
0.2243024966516265
0.22391387726750533
0.22371411638732255
0.22356289270978233
0.22353509107214373
0.22334286117353627
0.2230865449574706
0.22320882483726603
0.2229519177573817
0.22272926809029833
0.22288812276306036
0.22287308327692132
0.22270853594352147
0.2223342663483236
0.2224281438273951
0.2225011492731319
0.2218620816044703
0.2220867170557285
0.22208322775955294
0.22145788218668033
0.22179131262390417
0.22170298734272806
0.22153302528409383
0.2215301433467225
0.2214820097519816
0.22145940654478688
0.22100103786524367
0.2208566274175261
0.2210650187968295
0.22090996789166453
0.22083885370506975
0.2208461069251842
0.22066897956871231
0.22046669993404555
0.22053554293638702
