0.7122659830653305
0.7798492969781714
0.8027654781325254
0.8194671016856987
0.8336829021983998
0.8419171910199643
0.8556668997125767
0.8650664180843626
0.8714363396255729
0.8782723529868718
0.8859628680183329
0.8917113337994251
0.895983842150237
0.9014215800512702
0.9057717703720967
0.9074807737124213
0.9125301017633807
0.9138506952536316
0.9176571117843548
0.9184339314845025
0.9193661151246796
0.9207643905849452
0.9221626660452109
0.9241047152955799
0.9245708071156684
0.9252699448458013
0.9245708071156684
0.926978948186126
0.9270566301561408
0.9273673580361999
0.9296201351666278
0.9280664957663326
0.9285325875864212
0.928920997436495
0.928920997436495
0.9283772236463916
0.9295424531966131
0.9310960925969083
0.9305523188068049
0.9298531810766721
0.9288433154664802
0.9292317253165541
0.9320282762370854
0.9300862269867164
0.9306300007768197
0.9300862269867164
0.9303192728967606
0.9300862269867164
0.9307076827468345
0.9310960925969083
