0.5631
0.6191166666666666
0.6331666666666667
0.6406833333333334
0.6460166666666667
0.64985
0.6518333333333334
0.6545166666666666
0.656
0.6570333333333334
0.6580166666666667
0.6587333333333333
0.6590166666666667
0.6608
0.6595666666666666
0.66105
0.6625333333333333
0.6621666666666667
0.6630833333333334
0.6636833333333333
0.6625
0.6632666666666667
0.66335
0.6642166666666667
0.6635166666666666
0.6648333333333334
0.66525
0.6651333333333334
0.6654
0.6659666666666667
0.6650166666666667
0.6667666666666666
0.6655833333333333
0.66655
0.6671833333333334
0.66615
0.66705
0.6669666666666667
0.6669
0.6664166666666667
0.6668833333333334
0.66725
0.6672
0.6675
0.6671166666666667
0.66735
0.6679666666666667
0.6680333333333334
0.6666666666666666
0.6671666666666667
0.6676833333333333
0.668
0.6679666666666667
0.6679666666666667
0.6682166666666667
0.6685333333333333
0.6676666666666666
0.6682
0.6681
0.6685333333333333
0.66855
0.66915
0.6687666666666666
0.6686666666666666
0.6687166666666666
0.6681
0.6682666666666667
0.6698166666666666
0.6691333333333334
0.6694
0.6689166666666667
0.6693833333333333
0.6691166666666667
0.6689
0.6691666666666667
0.6692666666666667
0.6693
0.66995
0.6702
0.6697833333333333
0.6689333333333334
0.6700333333333334
0.66905
0.6701833333333334
0.6701833333333334
0.6689
0.6695333333333333
0.6691666666666667
0.6696333333333333
0.6697
0.6697
0.6698666666666667
0.67055
0.6696166666666666
0.6701833333333334
0.6702666666666667
0.6702666666666667
0.6703333333333333
0.6702666666666667
0.6699
