9.682992108870536
7.585528017998263
7.111261926654455
6.854768593100337
6.681860437311898
6.571053156727889
6.486907497976171
6.419808698559207
6.363843052335561
6.317432537940856
6.28493618486319
6.250902326617906
6.229008156721928
6.208263441841737
6.186401872652762
6.1677917922019825
6.150588321055224
6.1451721048964165
6.1261639605071005
6.118828864022845
6.1093384067341505
6.102122062433472
6.0857710606183995
6.085909293683354
6.076769632448817
6.068150789833964
6.060104582391964
6.056004401470499
6.046420704981242
6.042678276126374
6.038042945780687
6.033937251756019
6.02567020882105
6.020661206495976
6.015931093242404
6.017425858389847
6.014913604629185
6.00493978983231
6.003330264686932
6.002700673293375
5.999224118798935
5.996067921961383
5.993178285913505
5.991246204461233
5.988953337576779
5.982451226677465
5.9783224534671024
5.97820740876557
5.97584140617331
5.975936237908607
5.970921119745304
5.965274990950991
5.964812230327049
5.968575917246728
5.965438345628538
5.964074125910958
5.964000175738552
5.959547477896462
5.957344465832302
5.956866569029883
5.9525122882516355
5.9494640477271865
5.944110757269561
5.951044435329695
5.949497147519574
5.943969585826429
5.943559634092114
5.943840433569957
5.939778861414812
5.941523084255839
5.9371715116750545
5.938913162601453
5.935312642502805
5.937503507130459
5.93468632856335
5.935275428001973
5.934993197823303
5.928196693088562
5.931401301449896
5.929094268348859
5.92943535556033
5.92577910778206
5.919320687634864
5.930953332061246
5.920793702765986
5.9272440906166
5.918046374729485
5.927123087030968
5.92049415342522
5.920396390236708
5.9167362588197925
5.922909906457375
5.91396491792476
5.915065101916023
5.914745140492679
5.914208256425519
5.91567362488398
5.9170811749345384
5.910653786322195
5.909060378376785
