0.6003333333333334
0.6376666666666667
0.6436166666666666
0.72625
0.7748833333333334
0.7852833333333333
0.7891166666666667
0.7935333333333333
0.79615
0.8007166666666666
0.8075333333333333
0.8487166666666667
0.8598
0.8599333333333333
0.8628666666666667
0.8629833333333333
0.86355
0.8671666666666666
0.8641666666666666
0.8686333333333334
0.86915
0.8691833333333333
0.8697333333333334
0.8708
0.87425
0.87285
0.87325
0.8689833333333333
0.8665666666666667
0.8660166666666667
0.8714333333333333
0.8712666666666666
0.8727
0.8678666666666667
0.8743833333333333
0.8741666666666666
0.8729666666666667
0.8737333333333334
0.8662333333333333
0.8734333333333333
0.8693166666666666
0.8753666666666666
0.8769166666666667
0.87315
0.8740166666666667
0.8721666666666666
0.8694666666666667
0.8765833333333334
0.87255
0.8707666666666667
