1.8613363744874796
1.823141101094087
1.8171688136577606
1.7337575002133847
1.6857976723750432
1.6750016497830549
1.6713605331997077
1.6671519933700563
1.664378706494967
1.6599837276538214
1.6531222851296266
1.6120052986760933
1.6010090346137682
1.6010225056012473
1.5979489943921565
1.5976617990374564
1.5971932818830012
1.5938296034415562
1.5967407422165076
1.5924576323628425
1.591658221276601
1.5918672253251076
1.591309508862098
1.590357250281175
1.58666413829724
1.5882240347862244
1.5877937912086646
1.592059750799338
1.5945396358768145
1.5949052177151044
1.5896101123789945
1.5898131400227546
1.5883223127702872
1.593180326418082
1.5867835872987905
1.5869528163691362
1.5881006739934285
1.5873401128391424
1.594837213689089
1.5876734810570876
1.5917574010550977
1.5856755463739236
1.5842676376024882
1.5879962705353896
1.5870582264026005
1.588982111297051
1.5917258127669494
1.5845224552869797
1.5885847196300824
1.5903166605909664
