0.19688333333333333
0.23768333333333333
0.24175
0.24191666666666667
0.24146666666666666
0.2419
0.23995
0.23843333333333333
0.23871666666666666
0.23856666666666668
0.23761666666666667
0.23605
0.2362
0.23825
0.23753333333333335
0.23595
0.23733333333333334
0.23635
0.23741666666666666
0.2359
0.23585
0.23715
0.2383
0.23573333333333332
0.23766666666666666
0.236
0.23595
0.23646666666666666
0.23675
0.23763333333333334
0.23751666666666665
0.23735
0.2384
0.23761666666666667
0.23593333333333333
0.23715
0.23686666666666667
0.23745
0.23676666666666665
0.23613333333333333
0.23823333333333332
0.23666666666666666
0.23845
0.23828333333333335
0.23696666666666666
0.23841666666666667
0.2382
0.23871666666666666
0.23648333333333332
0.23755
0.23816666666666667
0.23803333333333335
0.23715
0.23733333333333334
0.23888333333333334
0.23721666666666666
0.2383
0.23831666666666668
0.23781666666666668
0.23786666666666667
0.23765
0.23578333333333334
0.23825
0.23915
0.2374
0.23851666666666665
0.23753333333333335
0.23771666666666666
0.23765
0.23853333333333335
0.2377
0.2384
0.23811666666666667
0.239
0.23791666666666667
0.23715
0.23783333333333334
0.23903333333333332
0.23761666666666667
0.23865
0.23798333333333332
0.23738333333333334
0.23941666666666667
0.23751666666666665
0.23885
0.23955
0.23753333333333335
0.23755
0.2368
0.23606666666666667
0.2371
0.23878333333333332
0.23806666666666668
0.23748333333333332
0.23813333333333334
0.23735
0.237
0.2397
0.238
0.2372
