0.2774161241862794
0.34184610248706393
0.3560340510766149
0.3655483224837256
0.36930395593390086
0.3785678517776665
0.38073777332665665
0.3874979135369721
0.39050242029711235
0.39300617593056253
0.39325655149390754
0.4031046569854782
0.40352194959105325
0.41069938240694376
0.41245201135035886
0.41345351360373894
0.4116174261392088
0.41629110332164915
0.4205474878985144
0.42655650141879486
0.4256384576865298
0.4273076281088299
0.42880988148890004
0.42906025705224504
0.43515272909364044
0.43723919212151563
0.43773994324820564
0.4370722750792856
0.43640460691036553
0.4402436988816558
0.442663995993991
0.44391587381071607
0.44333166416291103
0.4455015857119012
0.4480887998664664
0.44975797028876646
0.44792188282423634
0.44950759472542146
0.45226172592221664
0.45509931564012684
0.4516775162744116
0.45384743782340176
0.45785344683692203
0.45660156902019694
0.45618427641462195
0.4552662326823569
0.4550158571190118
0.4588549490903021
0.4591053246536471
0.45743615423134704
0.45785344683692203
0.4556835252879319
0.4599399098647972
0.45802036387915207
0.45543314972458687
0.4608579535970623
0.456768486062427
0.46236020697713237
0.46060757803371727
0.45918878317476214
0.45927224169587716
0.4630278751460524
0.4599399098647972
0.46177599732932734
0.4598564513436822
0.4636955433149725
0.4651977966950426
0.46503087965281253
0.4641962944416625
0.46336170923051245
0.4611083291604073
0.4641128359205475
0.46327825070939743
0.46361208479385746
0.4643632114838925
0.4652812552161576
0.4626940410615924
0.4659489233850776
0.46177599732932734
0.4644466700050075
0.4660323819061926
0.4672008012018027
0.46327825070939743
0.4700383909197129
0.4657820063428476
0.4672842597229177
0.46820230345518277
0.4680353864129528
0.4644466700050075
0.46511433817392756
0.46511433817392756
0.46494742113169757
0.4619429143715573
0.46661659155399765
0.4667835085962277
0.4680353864129528
0.4643632114838925
0.46653313303288263
0.46586546486396263
0.46536471373727256
