0.5500333333333334
0.6774666666666667
0.69185
0.7745666666666666
0.7780666666666667
0.7825166666666666
0.7791833333333333
0.77995
0.7865833333333333
0.7838
0.7888833333333334
0.7891666666666667
0.7959333333333334
0.8008333333333333
0.7982333333333334
0.8109833333333333
0.80875
0.8100333333333334
0.8031666666666667
0.8122333333333334
0.8076333333333333
0.8036833333333333
0.8117833333333333
0.8086166666666667
0.80995
0.8118833333333333
0.8108
0.8111333333333334
0.797
0.8198166666666666
0.8200666666666667
0.8103666666666667
0.8095333333333333
0.8297666666666667
0.8161666666666667
0.8167333333333333
0.8186833333333333
0.8142833333333334
0.81725
0.8172833333333334
0.82935
0.8085833333333333
0.8148333333333333
0.8251166666666667
0.8224666666666667
0.8235166666666667
0.8107666666666666
0.8196666666666667
0.8185166666666667
0.8034666666666667
