1.6983751688957214
1.6327151293814182
1.6284214429517587
1.6068809200088183
1.605691586746772
1.609496712009112
1.6157409042378266
1.6160466007371743
1.6146287668049335
1.6074596169650555
1.6244099541227022
1.6275434491654237
1.607789050702254
1.619409835700194
1.6228979420006275
1.6186402695933977
1.6194788156867028
1.6309784532248974
1.6416759434521198
1.6309577648878097
1.6475642767190932
1.6519886674424014
1.6278768496036529
1.6413125314275423
1.6321119372944037
1.6436947292149067
1.6469535815993945
1.6379802880148093
1.651412365881602
1.629862632338206
1.6216710643390815
1.6458122758189837
1.6407206415732702
1.623099849239985
1.628281955474615
1.6252694908003011
1.6322953797399997
1.6334089338898659
1.6352422017415364
1.6358057544211546
1.6208456088443597
1.6433795666416486
1.628422488951683
1.6226927110910416
1.620562045542399
1.638031831785043
1.648631307820479
1.634630650496483
1.6342861433784166
1.6516879357933998
