0.9697817136642585
0.9891245241979336
0.9906781635982288
0.9919210751184651
0.9926202128485978
0.9930863046686864
0.9933970325487455
0.9937077604288045
0.9940961702788783
0.9940961702788783
0.9943292161889226
0.9946399440689816
0.9949506719490406
0.9947953080090111
0.9948729899790258
0.9951837178590849
0.9953390817991145
0.9952613998290997
0.9951837178590849
0.9958828555892177
0.9956498096791735
0.995805173619203
0.9957274916491883
0.996115901499262
0.9958828555892177
0.9961935834692768
0.9961935834692768
0.9961935834692768
0.996115901499262
0.996115901499262
0.9963489474093064
0.9963489474093064
0.9963489474093064
0.996426629379321
0.9963489474093064
0.9963489474093064
0.9965819933193506
0.9963489474093064
0.9961935834692768
0.9965043113493358
0.9965819933193506
0.9962712654392916
0.9965043113493358
0.996426629379321
0.9965819933193506
0.9965043113493358
0.9966596752893654
0.9962712654392916
0.9965819933193506
0.9965819933193506
