1.643003507979711
1.5514681553045908
1.5342593741913637
1.5263102295915285
1.521373323871692
1.5179520014444987
1.515422213033835
1.5135134044925371
1.5118783731003602
1.510497625631094
1.509368771036466
1.508580439255635
1.5077915820817154
1.5070500803550084
1.506327642895778
1.505714426823457
1.505429224207004
1.504919765305519
1.504645000265042
1.5041682119170825
1.5039761440873145
1.5036526958882808
1.5034160681625208
1.5033381509780883
1.5029793154935043
1.5033096410175164
1.5031575222392877
1.5028673894166946
1.5030022337218125
1.5029087465385595
1.5028794234335423
1.502574028366804
1.5026518376469613
1.5023533996800582
1.5023591410617034
1.5027876506765683
1.5029069217065971
1.5031663082182407
1.502800059213241
1.502921492787202
1.5028167379419008
1.503159045257171
1.5036471615393956
1.5036118084212144
1.503492827475071
1.5032835755944252
1.5033955378214519
1.503098646237453
1.5031597068866094
1.5034403400659562
1.5033471403698127
1.5037338337878385
1.5036224306543668
1.5030239094058673
1.5033766735990841
1.5039045081277689
1.5034862471659978
1.5037222193400066
1.5030889952003956
1.5041233114639918
1.5037089085618656
1.5041114900350572
1.503887461100022
1.5040103397111098
1.5040018037617207
1.5040549126942953
1.504211842695872
1.5042453837315242
1.5041622270286084
1.503899320590496
1.5036369872232278
1.5039557869513829
1.5038703962624074
1.5035832548161348
1.5042058085401853
1.5039425803899764
1.5048378775378068
1.504784777977069
1.5049024842063585
1.5043374372998874
1.5045100584765276
1.504942219042778
1.5046815505941709
1.5045157065927983
1.5044448156714438
1.5050443491141001
1.504908160386483
1.505011103794972
1.504743204877774
1.5055841935435932
1.5047474733352662
1.505000629365444
1.5049590155978998
1.5050098970532417
1.5054369993547598
1.5054349120577177
1.505522144083182
1.5057043992877006
1.5053344953000545
1.5049469533264637
