0.942163244867301
0.9651143381739276
0.9677850108496078
0.9697045568352529
0.970372225004173
0.971457185778668
0.9746286095810383
0.9766316140877984
0.9786346185945585
0.9788015356367885
0.9800534134535136
0.9827240861291938
0.9844767150726089
0.9859789684526791
0.9864797195793691
0.9879819729594391
0.9884827240861291
0.9893173092972792
0.9908195626773494
0.9911533967618094
0.9918210649307294
0.9916541478884994
0.9934067768319146
0.9936571523952595
0.9939909864797196
0.9948255716908696
0.9950759472542147
0.9956601569020197
0.9950759472542147
0.9959105324653648
0.9959105324653648
0.9966616591553997
0.9966616591553997
0.9969120347187448
0.9969120347187448
0.9965782006342847
0.9974127858454348
0.9973293273243198
0.9979135369721248
0.9979135369721248
0.9983308295776999
0.9979969954932398
0.9984142880988149
0.9986646636621599
0.998915039225505
0.9987481221832749
0.9991654147888499
0.998915039225505
0.99899849774662
0.99933233183108
0.9990819562677349
0.9992488733099649
0.999582707394425
0.999415790352195
0.999582707394425
0.99949924887331
0.999582707394425
0.9997496244366549
0.999582707394425
0.9997496244366549
0.99983308295777
0.99983308295777
0.99983308295777
0.999916541478885
1.0
1.0
1.0
0.999916541478885
0.999916541478885
0.999916541478885
1.0
1.0
1.0
1.0
1.0
1.0
1.0
1.0
1.0
1.0
1.0
1.0
1.0
1.0
1.0
1.0
1.0
1.0
1.0
1.0
1.0
1.0
1.0
1.0
1.0
1.0
1.0
1.0
1.0
1.0
