0.19920582662460998
0.10927219938684257
0.10137133437125335
0.09575550098352312
0.09170217672032438
0.08653097165780675
0.08072302910020077
0.07468156292719624
0.06997182097287459
0.06511166514324647
0.05976633029344205
0.05563961490494559
0.05108849460530356
0.04661265417706121
0.04370651638735128
0.0401933003734922
0.037655540605335915
0.034848018730175165
0.032416649244798396
0.030011598643633366
0.027978135576302993
0.026114096960668527
0.024223601238735282
0.02273621184038534
0.02154459521813839
0.01949330966980213
0.01873722918980838
0.01746904140754575
0.01636416980605779
0.015206283817347845
0.01436896574651644
0.013459866601982177
0.01286001543458005
0.012156282007561508
0.011161029599381029
0.010647384601119192
0.009915468717550833
0.009325770616924802
0.008637156920595005
0.008146336055129088
0.007689633292177357
0.007054169207669332
0.006744324441185138
0.006286261841039149
0.005720676299069771
0.005631302124062898
0.005038432234754634
0.00478959955198406
0.004298907988738553
0.004101351743342981
0.004034336411037811
0.0035502637102512204
0.00333467085825226
0.003077706733551664
0.002877051790713313
0.0026231856313362533
0.002537747624468182
0.0021399317814612445
0.0022356188328694336
0.0019518581519569736
0.0017773706975865303
0.0016307934368675725
0.0014781345055671358
0.001298867261621361
0.0012248917278305715
0.0012329468076409799
0.001085012792195552
0.0009057713044758247
0.0009773657883444728
0.0008665510440391235
0.0007666333272192531
0.0007220270615920475
0.0006684493535241388
0.0005638736612645301
0.0005266617518893586
0.0004640109702921016
0.0004496108701795376
0.00043764015441745646
0.0003737957568137087
0.0003505363490715553
0.0003158895736990309
0.00028245952084018976
0.0002692443959949116
0.0002622821950195045
0.00023657965206657565
0.00023062010681662608
0.0002050662034256159
0.00018612082651895125
0.00018107984557885637
0.00015845639821012407
0.00014822332994375627
0.00016786581536565437
0.00014002358761943222
0.0001336939519447569
0.00011941459943541289
0.00012602690926777856
0.00011348386517333092
9.760255685395117e-05
0.00011631048173002659
9.293467828677775e-05
