0.9497436445204016
0.977942747276223
0.9856868190557573
0.9896389660328989
0.9906537064729759
0.9920957060457167
0.9938581499679555
0.9941785943174536
0.9946592608417005
0.9958876308481094
0.9960478530228584
0.9961546678060244
0.9970091860713522
0.9967421491134373
0.9975432599871822
0.9977568895535142
0.9980239265114291
0.9978637043366801
0.9980239265114291
0.9983443708609272
0.9983443708609272
0.9986648152104252
0.9987182226020082
0.9988784447767571
0.9986114078188422
0.9985045930356762
0.9989318521683401
0.9989852595599231
0.9987716299935911
0.9987716299935911
0.9986114078188422
0.9990920743430891
0.9990920743430891
0.9991454817346721
0.9990920743430891
0.9991454817346721
0.9990920743430891
0.9990386669515061
0.9991988891262551
0.9992522965178381
0.9990920743430891
0.9991988891262551
0.9991454817346721
0.9990920743430891
0.9991988891262551
0.9992522965178381
0.9992522965178381
0.9992522965178381
0.9992522965178381
0.9992522965178381
