0.6026877390984362
0.572991177433323
0.5655569603391704
0.5618059526897348
0.5604010299596235
0.5591399430706572
0.5573806285450689
0.5570261177217519
0.556655056263692
0.5555299414774211
0.555256970234723
0.5553049732797856
0.5543770493859538
0.5545869932753285
0.553875476863618
0.5536612905935965
0.5534376967121357
0.5535311258850228
0.5533877769785542
0.5530696691031182
0.5531517505371986
0.5528343342494516
0.5527447182490158
0.55256310858181
0.5528147195813442
0.552950234885935
0.5525525856434446
0.5524512159056553
0.5526507756466082
0.5526340904143651
0.5528104900708949
0.5523650026383804
0.5523678161851668
0.5522952143630521
0.5523449720906742
0.552313191393226
0.552344813659593
0.5524275362892707
0.5522458503972616
0.55219644669398
0.5523381493961778
0.5522608896385169
0.5522991784252791
0.5523440965479751
0.5522458837012454
0.5521923718487343
0.5521923718519176
0.552192371836001
0.552192371836001
0.552192371836001
