0.7222095841169357
0.7045742139220238
0.6827885621786117
0.6873345333337784
0.6518090841174126
0.619096659719944
0.585535132586956
0.551204499155283
0.5057430043816566
0.4609589883685112
0.41101452298462393
0.3819907515123486
0.3308911207690835
0.29377909272909164
0.2579305894672871
0.2343284965166822
0.2054145718831569
0.18240102071780712
0.16724190283333884
0.15356564415444154
0.1397561846359167
0.11212552103446796
0.10773746837221551
0.09153258527803701
0.08149300004763063
0.07385189007472945
0.06435479969426523
0.058104947204265046
0.05399551827264076
0.049035094360951915
0.04407950756864011
0.039009559639889634
0.03425437456993677
0.03259087249598451
0.03196584540792173
0.027401487251718207
0.02435456433911895
0.02412863710353122
0.020071764348676878
0.01853168520361578
0.019661571608526173
0.01449506934675128
0.014519610101494891
0.012256170763339468
0.011466972449775313
0.010762164375745443
0.010330063544502081
0.009835275624622568
0.009128979973719425
0.008126192382758291
