0.8129333333333333
0.9012833333333333
0.9209833333333334
0.9276166666666666
0.9319166666666666
0.9351166666666667
0.9371666666666667
0.9379333333333333
0.9395666666666667
0.9411333333333334
0.94155
0.94275
0.9434
0.94445
0.9448333333333333
0.9452833333333334
0.9463333333333334
0.9467333333333333
0.9471833333333334
0.94735
0.9478166666666666
0.9486833333333333
0.9485666666666667
0.9485
0.9483833333333334
0.94905
0.94915
0.9503666666666667
0.9498166666666666
0.94975
0.9497666666666666
0.9495666666666667
0.9493666666666667
0.9506833333333333
0.9505166666666667
0.9498
0.9495333333333333
0.95005
0.9501666666666667
0.94995
0.9498333333333333
0.9493166666666667
0.9495
0.9493333333333334
0.95005
0.9500166666666666
0.94985
0.9502666666666667
0.9499666666666666
0.9493833333333334
0.9496166666666667
0.9498
0.9493833333333334
0.9503666666666667
0.9498166666666666
0.94965
0.9496166666666667
0.9494166666666667
0.9496666666666667
0.9496166666666667
0.9498
0.9495666666666667
0.9501666666666667
0.9496833333333333
0.9498833333333333
0.95015
0.9492333333333334
0.9501333333333334
0.9492
0.94955
0.9492833333333334
0.9493166666666667
0.9492333333333334
0.94935
0.94965
0.94895
0.94915
0.9483166666666667
0.95
0.9493
0.94815
0.9494833333333333
0.9493666666666667
0.9486333333333333
0.94915
0.9484833333333333
0.9487
0.9490833333333333
0.9486166666666667
0.9484333333333334
0.9485333333333333
0.9487
0.9486666666666667
0.9482666666666667
0.94815
0.9488833333333333
0.9493166666666667
0.94835
0.94795
0.9480166666666666
