0.8877
0.9420333333333333
0.9526
0.9611166666666666
0.9635
0.9662666666666667
0.9681833333333333
0.9695166666666667
0.9717333333333333
0.9727166666666667
0.9746166666666667
0.9745
0.9751166666666666
0.9760833333333333
0.9772833333333333
0.97705
0.9779333333333333
0.9779166666666667
0.97885
0.97965
0.9799333333333333
0.9812333333333333
0.9819666666666667
0.981
0.9821333333333333
0.98175
0.98305
0.9843
0.9834
0.9838
0.9838666666666667
0.9838666666666667
0.98485
0.98395
0.9842666666666666
0.9848
0.9851
0.9855166666666667
0.98515
0.9844666666666667
0.9849
0.9845333333333334
0.986
0.9859666666666667
0.9863
0.986
0.9871833333333333
0.9860666666666666
0.9863
0.987
0.9861166666666666
0.9864166666666667
0.98775
0.98805
0.9883833333333333
0.9879833333333333
0.9870333333333333
0.9877666666666667
0.9864
0.9877333333333334
0.9879833333333333
0.9872666666666666
0.9887
0.9883666666666666
0.9888833333333333
0.9886166666666667
0.9898333333333333
0.9894333333333334
0.9885833333333334
0.9897666666666667
0.9890833333333333
0.98935
0.9898833333333333
0.99
0.9902666666666666
0.9907166666666667
0.9901
0.9895333333333334
0.9902833333333333
0.99045
0.9904333333333334
0.9912166666666666
0.9903833333333333
0.9907333333333334
0.9915833333333334
0.991
0.9901166666666666
0.9906166666666667
0.9917666666666667
0.9919333333333333
0.99245
0.9921666666666666
0.9925166666666667
0.99195
0.99225
0.9917333333333334
0.99195
0.9913333333333333
0.9922
0.9921166666666666
