0.5650666666666667
0.7614333333333333
0.7883333333333333
0.78945
0.7913166666666667
0.7984833333333333
0.8099833333333334
0.80705
0.8137666666666666
0.8112833333333334
0.8167166666666666
0.81665
0.8178833333333333
0.81275
0.82315
0.8221666666666667
0.8168
0.8218
0.8158333333333333
0.8219166666666666
0.8222666666666667
0.8243666666666667
0.8129833333333333
0.8083666666666667
0.8253833333333334
0.8101
0.8169666666666666
0.8197333333333333
0.81245
0.8222666666666667
0.81915
0.8141
0.8297833333333333
0.8229166666666666
0.8187
0.8232166666666667
0.8170833333333334
0.8209333333333333
0.83115
0.8255166666666667
0.8317833333333333
0.8179333333333333
0.8105166666666667
0.8327
0.8245833333333333
0.8075666666666667
0.8300166666666666
0.8277833333333333
0.8258333333333333
0.81885
0.8238833333333333
0.8280833333333333
0.8205333333333333
0.8277833333333333
0.8257833333333333
0.8323666666666667
0.8272833333333334
0.80955
0.8358666666666666
0.8241666666666667
0.8163333333333334
0.8057666666666666
0.8195666666666667
0.8248666666666666
0.8366166666666667
0.8306666666666667
0.8276333333333333
0.8186666666666667
0.8101166666666667
0.8204
0.8154666666666667
0.8266666666666667
0.8278333333333333
0.8296166666666667
0.82415
0.81135
0.8140333333333334
0.8141
0.8325666666666667
0.8209666666666666
0.8176666666666667
0.83585
0.80435
0.8265333333333333
0.8301833333333334
0.82785
0.81825
0.7899833333333334
0.8318833333333333
0.82885
0.8186666666666667
0.8223666666666667
0.8164666666666667
0.7925833333333333
0.81545
0.8405333333333334
0.8300833333333333
0.8319
0.8207166666666666
0.8243166666666667
