0.6278348419528007
0.5849248994347938
0.5797849792913096
0.5744348240475501
0.5706627586571179
0.5689769879737947
0.5700568539977608
0.5676493174122887
0.5650541826404585
0.5649148092371
0.5645349624351262
0.5640724175373883
0.5647270696791185
0.5631372653388794
0.5638789929588033
0.5635935099995613
0.561219418651781
0.563237305148828
0.5620777877419709
0.5608840362049274
0.560376762964995
0.5615031014768977
0.5607278081812275
0.5607684310418218
0.5611329783749769
0.5616998477729308
0.5594864555994076
0.5594224458294937
0.5592252778347372
0.5593722505947383
0.5600451086607022
0.5591671842269168
0.5591106477633828
0.5584514360541437
0.5587155711438202
0.5594899747787289
0.5574120839222505
0.5570642631345772
0.557738429507214
0.5579700957752145
0.5586243685724083
0.561785816630602
0.5581561689338885
0.5567130872045055
0.5577585863566659
0.5574388625026641
0.5563242963569538
0.555948466307662
0.5574067442896172
0.5579688982802103
0.5565092676446316
0.55519677617119
0.5559085760519459
0.5555609178050311
0.5561990762872335
0.5564420567990572
0.5572548003513521
0.5563518272279496
0.5558530709200297
0.5556764421211402
0.5559199489645152
0.5552879225855021
0.5548518139616696
0.5553150737554287
0.5554915003015353
0.5559791574695125
0.555691030832265
0.5562656136487086
0.5557454485232136
0.5555699322531046
0.5554578984154261
0.5547817058350332
0.5542825740630544
0.554831649733262
0.5547614913991669
0.5544986409417484
0.5553387819931207
0.5558458432329182
0.5548507015474891
0.5543218382280674
0.5546669976352449
0.5544078606134092
0.5544251970878348
0.5550353302835425
0.5537968385145721
0.5539292651213685
0.5543755555039567
0.5544934882405375
0.5554486687711558
0.5540075747217029
0.5539050347923188
0.5547919891865379
0.554473928363882
0.5538488650259568
0.5538167901984954
0.5544836460124273
0.5536768049593793
0.5544909597799275
0.5564024884829127
0.5536673661067532
