Epoch		 Train_Loss			 Val_loss			 Train_acc			 Val_acc
0		 1.4428528443145752		 1.2206610973358154		 0.48432		 0.5768
1		 1.113441501235962		 1.1105409641265869		 0.61056		 0.6077
2		 0.9471304894638062		 1.0892666557312012		 0.67096		 0.6244
3		 0.8438068207359314		 1.08364635181427		 0.70816		 0.6298
4		 0.7502265985298157		 1.151130985546112		 0.74242		 0.6155
5		 0.6681815859794616		 1.1698837887763978		 0.7702		 0.6329
6		 0.5876478730392456		 1.2857925945281983		 0.7963		 0.6198
7		 0.5166028872013092		 1.3860000320434571		 0.82262		 0.6172
8		 0.45311687690734864		 1.5235567148208617		 0.8433		 0.5972
9		 0.39054477577209473		 1.615376362991333		 0.8653		 0.6009
10		 0.33582561061620714		 1.7778251440048218		 0.88232		 0.5958
11		 0.2887377638578415		 1.9219860900878907		 0.89964		 0.5842
12		 0.2516956266975403		 2.0640891878128054		 0.91252		 0.5838
13		 0.2148330088186264		 2.288525283050537		 0.9251		 0.5834
14		 0.1874916669344902		 2.4654628034591677		 0.9347		 0.5708
15		 0.16777195510864257		 2.589720930290222		 0.9403		 0.5742
16		 0.14929030852138997		 2.8317754114151		 0.94648		 0.5709
17		 0.13377353414326906		 2.865996849441528		 0.95254		 0.5701
18		 0.12065443264245987		 3.0125889547348024		 0.95802		 0.5796
19		 0.11027461065381765		 3.165118330001831		 0.9608		 0.5691
20		 0.10878527956426144		 3.2480646476745605		 0.96128		 0.5673
21		 0.09910608656957745		 3.327817900657654		 0.96418		 0.5592
22		 0.09597748836666345		 3.478722148132324		 0.96516		 0.56
23		 0.08622211186103523		 3.5265933153152464		 0.96896		 0.568
24		 0.08768577532939613		 3.7051511810302733		 0.96844		 0.5693
25		 0.08224356277814135		 3.777649053955078		 0.9703		 0.5626
26		 0.07620575574345886		 3.8808927154541015		 0.97312		 0.5655
27		 0.07585610504943878		 3.894388191604614		 0.97364		 0.5634
28		 0.07664165543816984		 3.9390068391799926		 0.97348		 0.5615
29		 0.07194038611069321		 4.018317079544067		 0.9747		 0.5586
30		 0.06755450489087031		 4.096951945877075		 0.97686		 0.5608
31		 0.07100708744945004		 4.114536393356323		 0.9757		 0.5666
32		 0.06219076757453382		 4.169201737976074		 0.97858		 0.5594
33		 0.06399233936063946		 4.230444863128662		 0.97814		 0.563
34		 0.06600836235264317		 4.298791876602173		 0.97812		 0.5525
35		 0.06606406250974163		 4.415601764678955		 0.97724		 0.5636
36		 0.06842700700546615		 4.427647041130066		 0.97662		 0.5514
37		 0.07016046590282582		 4.474239279937744		 0.97642		 0.5512
38		 0.05659698163287947		 4.457122271156311		 0.9812		 0.555
39		 0.06329768881042953		 4.430900263214111		 0.97892		 0.5608
40		 0.06712309815527871		 4.525469044876099		 0.97798		 0.5562
41		 0.05469510932927951		 4.564770521736145		 0.98126		 0.561
42		 0.05554139730745461		 4.567320796585083		 0.9805		 0.5577
43		 0.05733114721658407		 4.6275333980560305		 0.98114		 0.5552
44		 0.06119070731936139		 4.721798615264893		 0.97986		 0.5503
45		 0.05653325142474496		 4.7763919887542725		 0.9813		 0.5477
46		 0.04943439479461172		 4.679620959854126		 0.98276		 0.5566
47		 0.05670210119092837		 4.768646132659912		 0.98142		 0.5622
48		 0.055997721560032805		 4.786584760284424		 0.98128		 0.5585
49		 0.05573437011674978		 4.904216932487488		 0.98246		 0.5492
50		 0.05615872402482433		 4.905889521217346		 0.9819		 0.5538
51		 0.048674410645491446		 4.824591745376587		 0.98452		 0.5553
52		 0.053495677140838235		 4.918081927490235		 0.98296		 0.5553
53		 0.05329212552246638		 4.959016131591797		 0.9835		 0.5622
54		 0.05361759049554356		 5.03644983253479		 0.98354		 0.5473
55		 0.05237538873802289		 5.034697529029846		 0.98382		 0.5493
56		 0.054865148079421486		 5.003228347396851		 0.9827		 0.5555
57		 0.06085849562384538		 5.004601709365844		 0.98196		 0.5576
58		 0.04454193703928497		 5.045098907852172		 0.98652		 0.5588
59		 0.05438113079153613		 5.07938408164978		 0.98328		 0.5545
60		 0.04719048151548777		 5.142385335540771		 0.98532		 0.5494
61		 0.0559403971878835		 5.076858041381836		 0.98266		 0.5596
62		 0.047348710063054605		 5.157429301834107		 0.98572		 0.551
63		 0.050373917922075635		 5.242882790565491		 0.9848		 0.5511
64		 0.049748017015157964		 5.213842787933349		 0.98508		 0.5558
65		 0.051090618746495745		 5.204394758224487		 0.9846		 0.5562
66		 0.051803781001256176		 5.19600922088623		 0.98572		 0.5539
67		 0.050425837630272655		 5.21131346168518		 0.98532		 0.5554
68		 0.045349004123468914		 5.24675698890686		 0.9867		 0.5567
69		 0.05080362626031041		 5.253045428848266		 0.98636		 0.5499
70		 0.05258256608162876		 5.2845944606781		 0.98508		 0.5572
71		 0.043523823671080174		 5.278463370132446		 0.98714		 0.5566
72		 0.04912274783074281		 5.275773360443115		 0.98526		 0.5617
73		 0.04586639157635549		 5.336504253005981		 0.98606		 0.5548
74		 0.052772943691134645		 5.413159332656861		 0.9852		 0.5489
75		 0.04116046864052956		 5.339445717239379		 0.98836		 0.5544
76		 0.0465279377746446		 5.3251519271850585		 0.98692		 0.5555
77		 0.04154578966659155		 5.519641724014282		 0.98736		 0.5459
78		 0.050097434690237426		 5.434639582824707		 0.98544		 0.5495
79		 0.0417509370449133		 5.45112582397461		 0.9874		 0.5523
80		 0.049508210717993786		 5.453689361572265		 0.9871		 0.5528
81		 0.04690971695216129		 5.521654747772216		 0.98734		 0.5481
82		 0.038286400351991545		 5.437727912139892		 0.98918		 0.5581
83		 0.051178135515995274		 5.451148133087158		 0.98624		 0.5502
84		 0.045686120293809834		 5.4795093303680416		 0.98764		 0.5551
85		 0.03958767650590511		 5.565032563018799		 0.98836		 0.5496
86		 0.048299978676629655		 5.577161999511719		 0.98706		 0.5524
87		 0.04811713285182377		 5.529892837524414		 0.98676		 0.5529
88		 0.049762007561766096		 5.56314656906128		 0.98652		 0.5526
89		 0.04444642196323397		 5.561906443023681		 0.98804		 0.5475
90		 0.04741673504572471		 5.555819175338745		 0.9879		 0.5509
91		 0.039861461689485296		 5.533447805404663		 0.9886		 0.5547
92		 0.044591712925212926		 5.580216153335571		 0.98808		 0.5575
93		 0.046023194548341535		 5.583180483627319		 0.98818		 0.5567
94		 0.051387280040111255		 5.731381643295288		 0.98644		 0.55
95		 0.042432978326081165		 5.595985306167602		 0.98878		 0.5582
96		 0.04246967457996229		 5.664849839782715		 0.9888		 0.5534
97		 0.04827412881500713		 5.80871347694397		 0.9873		 0.5427
98		 0.048437021558895614		 5.658862060165405		 0.9883		 0.5581
99		 0.04763888421195591		 5.651881604385376		 0.9882		 0.5569
