0.9785597762759264
0.9887361143478599
0.9900567078381107
0.9911442554183174
0.9919210751184651
0.9924648489085683
0.9927755767886274
0.9930863046686864
0.9936300784587897
0.9933193505787307
0.9933970325487455
0.9940184883088635
0.9945622620989668
0.994173852248893
0.994484580128952
0.9942515342189078
0.9949506719490406
0.9949506719490406
0.9951837178590849
0.9952613998290997
0.9946399440689816
0.9954944457391439
0.9957274916491883
0.9956498096791735
0.9955721277091587
0.9956498096791735
0.9957274916491883
0.9955721277091587
0.9955721277091587
0.9960382195292473
0.9958828555892177
0.996115901499262
0.9959605375592325
0.9960382195292473
0.9961935834692768
0.9962712654392916
0.9962712654392916
0.9963489474093064
0.9962712654392916
0.9961935834692768
0.9965819933193506
0.9966596752893654
0.9965043113493358
0.996426629379321
0.996426629379321
0.996426629379321
0.9967373572593801
0.9963489474093064
0.996426629379321
0.9965043113493358
