0.10559257675923339
0.037680542529361975
0.03168032305844446
0.028373833506141335
0.026233066159699257
0.024878335539164888
0.02356584208732583
0.022546039041501778
0.021802456203182184
0.020975989311410446
0.020465164398619052
0.019876191967472142
0.019396176304898163
0.018760034686204147
0.018359169553960875
0.018131178160572275
0.017617955558404504
0.01722759700862047
0.017096904323717722
0.016665160696045987
0.016450978687018884
0.0161555015788012
0.015725391668503452
0.015563052516816648
0.015241659155899612
0.014877418969632919
0.014564720805829531
0.014293852287781999
0.013975529882577034
0.013735931260507477
0.013452622584909738
0.013195406481614215
0.012945697740420635
0.01279751367085199
0.012669912544385212
0.012463455937759303
0.012251366777406746
0.012118896564061496
0.012026694006975902
0.011857753557526706
0.011631959325386165
0.011584249582873149
0.01151110246178276
0.01130234261047651
0.011221162940997268
0.011210042236096767
0.011049611746326616
0.010975185705188274
0.010871932456988734
0.010740035942542022
