0.08770556869701895
0.03109979508005225
0.026325679474148517
0.023183066518671126
0.020748967132601895
0.01876930865006367
0.01689581372902464
0.015740915955598577
0.01472487511977311
0.013470943021380737
0.012524537704807874
0.011524800572542479
0.010891178383980052
0.010281827445098993
0.009453323550116438
0.009027154615513497
0.008285790099355109
0.007743040408435163
0.007348019277768732
0.006902675903425204
0.006499404452719633
0.00596931301190566
0.0055817752599796175
0.005166247102814416
0.004783438266943832
0.004442251924840621
0.004224395837109885
0.0038155825219499864
0.0037578528510855413
0.003352484310600684
0.0030426385928891374
0.003002281649017336
0.002730037156221065
0.0025941194218210345
0.00240842058612609
0.0022109617351858514
0.00198829704383163
0.0019541550906941665
0.0017568322481328535
0.0016814005607586186
0.001594166331436111
0.0015530406205296558
0.0013637649321504746
0.0012179685771076323
0.00114625857377307
0.0010261924953881595
0.0009572605538370262
0.0009342104013873264
0.0008536110846539464
0.0008277047700741076
0.0006611986800707988
0.0006088117459504896
0.0005460550226400205
0.0005307637459518246
0.0004423399771241045
0.0003676913362871029
0.00032353405320009884
0.00029662567220433
0.0002753004166769115
0.00025077056220687745
0.0001919503565817281
0.00022413015311417272
0.00020065042080349448
0.0001659662598470099
0.00015333604181259574
0.00017325346032627374
0.00014975369665168442
0.00012198506592482025
0.00011803220944846542
0.00011913046150674449
9.954247353020904e-05
0.00010889666983870329
0.00010087650153941405
9.107580193372307e-05
8.664526152198254e-05
9.05153485556542e-05
8.835650224506179e-05
7.694635123291504e-05
7.299938648086139e-05
8.17116388982782e-05
6.743691676947488e-05
7.458666761241725e-05
7.273005065016127e-05
6.392462752533441e-05
7.502032734233439e-05
6.188144171750102e-05
6.151499026302747e-05
6.257934323942321e-05
5.970590382589888e-05
6.548772414326158e-05
5.8633694434283974e-05
5.810794234975853e-05
6.765975570920228e-05
5.669670937638535e-05
5.667138161153978e-05
5.8050458862788764e-05
5.9347494715424116e-05
5.5626640537513715e-05
6.28490413138164e-05
6.159553253781783e-05
