0.9772391827856755
0.9901343898081255
0.9919987570884797
0.9926202128485978
0.9935523964887749
0.9940184883088635
0.9945622620989668
0.9951837178590849
0.9952613998290997
0.9958828555892177
0.9962712654392916
0.9963489474093064
0.9967373572593801
0.9967373572593801
0.9972811310494835
0.9971257671094539
0.9975141769595277
0.9978249048395867
0.998057950749631
0.9979802687796162
0.9982909966596752
0.9982909966596752
0.99836867862969
0.9985240425697196
0.9986017245397343
0.9988347704497786
0.9988347704497786
0.9992231802998524
0.9990678163598229
0.9990678163598229
0.9994562262098967
0.9993785442398819
0.9994562262098967
0.9995339081799114
0.9994562262098967
0.999689272119941
0.999689272119941
0.9996115901499262
0.999689272119941
0.999689272119941
0.999689272119941
0.999689272119941
0.9997669540899558
0.9997669540899558
0.9997669540899558
0.9998446360599704
0.9998446360599704
0.9998446360599704
0.9998446360599704
0.9997669540899558
0.9998446360599704
0.9998446360599704
0.9998446360599704
0.9998446360599704
0.9998446360599704
0.9998446360599704
0.9998446360599704
0.9999223180299852
0.9999223180299852
0.9999223180299852
0.9999223180299852
0.9999223180299852
0.9999223180299852
0.9999223180299852
0.9999223180299852
0.9999223180299852
0.9999223180299852
0.9999223180299852
0.9999223180299852
0.9999223180299852
0.9999223180299852
0.9999223180299852
0.9999223180299852
0.9999223180299852
0.9999223180299852
0.9999223180299852
0.9999223180299852
0.9999223180299852
0.9999223180299852
0.9999223180299852
0.9999223180299852
0.9999223180299852
0.9999223180299852
0.9999223180299852
0.9999223180299852
0.9999223180299852
0.9999223180299852
0.9999223180299852
0.9999223180299852
0.9999223180299852
0.9999223180299852
0.9999223180299852
0.9999223180299852
0.9999223180299852
0.9999223180299852
0.9999223180299852
0.9999223180299852
0.9999223180299852
0.9999223180299852
0.9999223180299852
