1.8115874044279257
1.7357648706336817
1.7226029715955258
1.709749579077959
1.6827174847384294
1.6749395683248838
1.6716288525084655
1.6686245959500472
1.6653581663648287
1.66467245464921
1.6612243730306626
1.6582174781580765
1.6565437141299248
1.6566659547408422
1.6552449647506078
1.65533154249986
1.6524160431623458
1.6533007576783498
1.6515160135706266
1.6503595037182173
1.6505407803575198
1.6516123618086178
1.65042385511597
1.6487998017787933
1.6505665624380113
1.647917895201842
1.6480575262407462
1.64857268161575
1.6488441907266775
1.6462886030217012
1.6482923895001411
1.6480053602675597
1.6482589408377806
1.646702070045471
1.6485331313391527
1.6484016477247079
1.6472725531975427
1.6474664538820585
1.6479839887976646
1.6447680891931058
1.647428084085385
1.6447333674967288
1.6465765460411708
1.645605502895514
1.648337462969621
1.6465256414512792
1.646126033681631
1.646174135609468
1.6448030580560367
1.6452976431131363
1.643169166024526
1.645225784301758
1.6460083413461843
1.6466607346713542
1.6448295734028022
1.6426486579974493
1.6418312675913176
1.6462795871456464
1.6456882999499638
1.6428522819499174
1.6460560118953387
1.6448291842659315
1.644196335709095
1.647462526255846
1.6468551361064117
1.6455062938213347
1.6460541071097057
1.6429976293524107
1.6447598000188668
1.6428159214953582
1.6438707041323184
1.6444228644589582
1.6410604132751623
1.647043303700288
1.644702386023601
1.644227307331562
1.6463146672983964
1.642407273264726
1.6429723728219667
1.644256055810054
1.6430324560066065
1.645449692181746
1.6432157239536445
1.6497840605994065
1.640867324670156
1.6464300330062707
1.6481729946315289
1.6478064526200296
1.6460504896899064
1.6466371670146782
1.6494207834144434
1.6446410421311854
1.650013352570931
1.6442341175099213
1.6430222252428532
1.6497308219929536
1.6441991668323677
1.644610254106919
1.6455619668245316
1.6436533223549525
