0.6615666666666666
0.7166166666666667
0.7283166666666666
0.7406833333333334
0.7670666666666667
0.77525
0.7782333333333333
0.78165
0.7849
0.78505
0.7883833333333333
0.7912833333333333
0.7924666666666667
0.79265
0.7938833333333334
0.7936333333333333
0.7967333333333333
0.7954
0.7976833333333333
0.7984333333333333
0.7983666666666667
0.7972833333333333
0.7987166666666666
0.80035
0.7985
0.8004666666666667
0.8005833333333333
0.80095
0.7996166666666666
0.8029666666666667
0.80095
0.8007166666666666
0.8009666666666667
0.8024833333333333
0.80065
0.7999333333333334
0.80155
0.8015
0.8009666666666667
0.80425
0.8024333333333333
0.8047833333333333
0.8020166666666667
0.8032166666666667
0.8009333333333334
0.80265
0.8033333333333333
0.8019833333333334
0.8043833333333333
0.80355
0.8056333333333333
0.8037666666666666
0.8031666666666667
0.80235
0.80375
0.8063833333333333
0.8069333333333333
0.80385
0.8030333333333334
0.8059166666666666
0.8029166666666666
0.8041833333333334
0.8042333333333334
0.8018166666666666
0.80205
0.8028166666666666
0.8021833333333334
0.8059
0.8037333333333333
0.8058666666666666
0.8054666666666667
0.8038666666666666
0.8070333333333334
0.8010666666666667
0.8038666666666666
0.8044833333333333
0.8029333333333334
0.80615
0.80575
0.80455
0.80655
0.8039666666666667
0.8051666666666667
0.79845
0.8074166666666667
0.8021666666666667
0.80065
0.8008666666666666
0.8025166666666667
0.8014833333333333
0.7988
0.8033666666666667
0.7992
0.8039
0.8064333333333333
0.7997166666666666
0.8044666666666667
0.8037833333333333
0.8027
0.8056333333333333
