10.643163723598901
7.800863500434494
7.3397744935635
7.122497249005322
6.984580696026267
6.88596025139683
6.818884361627771
6.759546564820024
6.713668517278005
6.6761804920085925
6.643320007919016
6.612371017455908
6.588974954401422
6.56633789937375
6.544810326578449
6.528679030155738
6.511313648840055
6.49645234234189
6.486067860131323
6.471169248846543
6.460646393170281
6.452601236704393
6.443667203451761
6.433628136471766
6.4265544022765475
6.412709051994132
6.412518075892852
6.402142074957423
6.397343744124559
6.3926921419395
6.387994839005693
6.3812650736253955
6.379426289863037
6.376128789184046
6.368803043136936
6.367554657116547
6.363867526482704
6.3586923964570685
6.356927495348738
6.354613400961648
6.3495277108008805
6.349952197040841
6.342140345194373
6.341699336824884
6.341618318665882
6.338131612149266
6.334137483103067
6.333890936540695
6.33325052295384
6.327697203153995
6.330666530955065
6.329627818178319
6.324118954456904
6.322131998067881
6.3199895308699725
6.319669554606311
6.317546104234348
6.3200537562600525
6.314373673954722
6.31498469292222
6.3145726550255405
6.312208424688978
6.313433585761903
6.310091808871055
6.311984849165842
6.306734076352343
6.308121018132571
6.307554839470975
6.304669549288316
6.307003808048979
6.30490828183034
6.302857937937182
6.302712639766756
6.3003509827750825
6.298711426017317
6.299500103933551
6.299257203310691
6.299544994121877
6.29731373279084
6.296354930127775
6.2973435349337175
6.296422618154692
6.295452843488517
6.298785883417376
6.297611992919121
6.292763288306669
6.2938681252089435
6.298067768430672
6.2957494690551705
6.293234843256966
6.290931540978644
6.295256625254568
6.295265667261123
6.2921901852887965
6.289150829461438
6.294206117280352
6.293189816498541
6.291380968427832
6.291129735465175
6.290409438526251
