0.7061
0.8012833333333333
0.8229
0.8322333333333334
0.8370833333333333
0.84155
0.8437166666666667
0.84575
0.8476666666666667
0.84915
0.8508833333333333
0.8522333333333333
0.85415
0.8538
0.8549
0.85485
0.8565
0.8559666666666667
0.8568833333333333
0.8572
0.8582666666666666
0.85745
0.8579166666666667
0.8594333333333334
0.8588
0.8600666666666666
0.8594
0.8598166666666667
0.8603166666666666
0.86085
0.8606
0.8603666666666666
0.8614666666666667
0.86165
0.8617
0.8616
0.86165
0.8627
0.8621
0.8625166666666667
0.8619666666666667
0.8625166666666667
0.8631833333333333
0.8632166666666666
0.8631
0.8630166666666667
0.86315
0.8631833333333333
0.8642833333333333
0.8638666666666667
0.8638333333333333
0.8636
0.86445
0.8638
0.8645833333333334
0.8645
0.86455
0.8639666666666667
0.8650166666666667
0.86515
0.8655333333333334
0.8649333333333333
0.8647
0.8652
0.8655166666666667
0.86505
0.8655666666666667
0.8664
0.8651833333333333
0.8657166666666667
0.8661166666666666
0.8657333333333334
0.8661666666666666
0.8657166666666667
0.86635
0.8661166666666666
0.86555
0.8658166666666667
0.8658666666666667
0.8668166666666667
0.8655
0.8665333333333334
0.8665333333333334
0.86645
0.8661833333333333
0.86675
0.8658666666666667
0.8665833333333334
0.8661833333333333
0.8660333333333333
0.8664
0.86635
0.8662166666666666
0.8665
0.8663666666666666
0.86625
0.8668333333333333
0.8663
0.86605
0.8663166666666666
