0.87045
0.9204
0.9307833333333333
0.9360166666666667
0.94055
0.9438666666666666
0.9464166666666667
0.9487
0.95095
0.9537
0.9548166666666666
0.9562666666666667
0.95745
0.9589666666666666
0.9595166666666667
0.96
0.9614
0.9630166666666666
0.96275
0.96355
0.96395
0.9650166666666666
0.9660666666666666
0.96555
0.9663166666666667
0.9666666666666667
0.9671
0.9675
0.9678333333333333
0.9688166666666667
0.96865
0.9686333333333333
0.9689333333333333
0.9697833333333333
0.9699833333333333
0.9698333333333333
0.9702666666666667
0.9703333333333334
0.9707166666666667
0.9707666666666667
0.97125
0.9709333333333333
0.9710333333333333
0.9719333333333333
0.9715166666666667
0.9721
0.97215
0.9723666666666667
0.97235
0.9735333333333334
0.97205
0.9727333333333333
0.97325
0.97315
0.97285
0.9735666666666667
0.97395
0.9732333333333333
0.9743166666666667
0.9739666666666666
0.97445
0.9743833333333334
0.9744833333333334
0.9744333333333334
0.97435
0.9740333333333333
0.9746
0.9741833333333333
0.9753166666666667
0.97505
0.9750333333333333
0.9754833333333334
0.9755833333333334
0.9751666666666666
0.97525
0.9752666666666666
0.9759333333333333
0.9759
0.97625
0.97605
0.9764166666666667
0.9765166666666667
0.97615
0.9768166666666667
0.9764333333333334
0.9762833333333333
0.9768
0.9763166666666667
0.97655
0.9772166666666666
0.9768
0.9771333333333333
0.9775666666666667
0.9771833333333333
0.9775
0.97725
0.9774666666666667
0.9785166666666667
0.9779666666666667
0.97735
