0.6957417464256287
0.6934060490131378
0.6918393504619599
0.6889101481437683
0.6861381846666336
0.6831463468074799
0.6792602080106735
0.6716727972030639
0.6644311529397965
0.6443187040090561
0.6344216355681419
0.6117346578836441
0.5899570578336716
0.5534265270829201
0.5237214434146881
0.46722830802202225
0.4310012114793062
0.3816954822093248
0.3677516563795507
0.3217257738765329
0.28110549232456833
0.2477071004686877
0.24160254976712167
0.20088843593373895
0.1916449369105976
0.17358454447239638
0.14972150843706913
0.1621941237518331
0.14296831170417135
0.11185539619327756
0.12385281548689818
0.10254432694753632
0.10055656865355558
0.07968937303579877
0.0858253572997637
0.08122543257835786
0.07598115145345219
0.07473367838538252
0.06601145841705147
0.05993640192667954
0.05829830783128273
0.04866750772169325
0.05052660859539174
0.03909536820137873
0.04165586217073724
0.04039244161103852
0.029811436014715583
0.029712733126943933
0.03481978536059614
0.02987920501793269
