0.2789
0.3672
0.3977333333333333
0.4097166666666667
0.4974166666666667
0.5087166666666667
0.5099
0.50785
0.5078666666666667
0.5881
0.5977333333333333
0.5983666666666667
0.5960833333333333
0.5961666666666666
0.5946
0.5944166666666667
0.5921666666666666
0.5970666666666666
0.5924
0.5902166666666666
0.5924166666666667
0.59425
0.5902833333333334
0.5938166666666667
0.5908
0.5939
0.591
0.5875833333333333
0.5891833333333333
0.59455
0.58585
0.58635
0.5871
0.5914166666666667
0.5881666666666666
0.5980833333333333
0.58755
0.5862666666666667
0.5880166666666666
0.5904
0.5848166666666667
0.5928166666666667
0.5909833333333333
0.5880166666666666
0.5848166666666667
0.5841666666666666
0.5854833333333334
0.5874
0.5881833333333333
0.59115
