0.28983873712528485
0.26160348720422005
0.25906128243652526
0.2578799005392075
0.2571722263594584
0.25669463169488616
0.2563046004993881
0.2560286947936896
0.2557885063529839
0.25555681984833717
0.25541069039855446
0.25522342312912893
0.25507707311715744
0.2549667859826621
0.2547743160074744
0.2547089695921221
0.25459392570323214
0.25449345658072353
0.2543942176484473
0.2543534241378849
0.2542486333221042
0.2541920623838193
0.2540829460201198
0.25404715370411435
0.2540292524355215
0.25395480554198124
0.2538867736510035
0.2538204099214652
0.25378311105210827
0.2537476361714663
0.25366211519748433
0.2536250029948915
0.2536082899367662
0.25355782471252825
0.2535123063473771
0.25346335098708805
0.25342623868726083
0.2533985104750135
0.2533836205351244
0.25332407425178344
0.253321467603104
0.2532569973107439
0.2532685511986211
0.2532478915425454
0.25318754316626435
0.25316597873316515
0.2531317922444478
0.2531032120233222
0.2530913183616516
0.25309074321595476
0.2530363952906123
0.2530066222427034
0.25300239571405997
0.25295810331639307
0.2529634557144075
0.2529567969916797
0.25291533603457445
0.25290002909136716
0.2528803512936732
0.25287618638149906
0.25286312876932643
0.2528475897486075
0.2528378937958023
0.25280266398040047
0.25282471974088827
0.2527835637291652
0.2527811539383338
0.25277084326545907
0.2527554577245011
0.2527630677971817
0.2527322082551757
0.2527321003528498
0.2527129474260734
0.2527076087728262
0.25267495365073556
0.2526750621526732
0.2526492271345182
0.2526499905027284
0.25264330761958453
0.25265248032435944
0.25261894034902266
0.2526099413510646
0.2526003326683864
0.2525938223298776
0.2525877425843423
0.25256772575368786
0.25255999544149677
0.2525595679206651
0.2525625396981473
0.25253297960499843
0.2525350451376817
0.25252063825794807
0.25252284510452544
0.252512139104643
0.2524862818290866
0.25249262276455525
0.2524888684289731
0.2524771215147436
0.2524625140405855
0.2524763559471854
