0.9635671560630777
0.9890468422279189
0.9902897537481551
0.9918433931484503
0.9926978948186126
0.9928532587586422
0.9933970325487455
0.993863124368834
0.993863124368834
0.9940184883088635
0.9943292161889226
0.9947953080090111
0.9947176260389964
0.9947953080090111
0.9949506719490406
0.9948729899790258
0.9949506719490406
0.9951837178590849
0.9954167637691291
0.9954944457391439
0.9954944457391439
0.9955721277091587
0.9955721277091587
0.9957274916491883
0.9955721277091587
0.9956498096791735
0.995805173619203
0.9958828555892177
0.9958828555892177
0.9959605375592325
0.9959605375592325
0.996115901499262
0.996115901499262
0.9959605375592325
0.9963489474093064
0.996115901499262
0.9962712654392916
0.9960382195292473
0.9961935834692768
0.9962712654392916
0.9962712654392916
0.9962712654392916
0.9962712654392916
0.996426629379321
0.9962712654392916
0.9962712654392916
0.9963489474093064
0.9961935834692768
0.9965043113493358
0.996426629379321
0.996426629379321
0.996426629379321
0.996426629379321
0.996426629379321
0.9963489474093064
0.996426629379321
0.9965043113493358
0.9962712654392916
0.9965043113493358
0.996426629379321
0.9965043113493358
0.9966596752893654
0.9963489474093064
0.9965819933193506
0.9966596752893654
0.9965819933193506
0.996426629379321
0.996426629379321
0.9967373572593801
0.9965043113493358
0.996426629379321
0.9965043113493358
0.9965043113493358
0.9965819933193506
0.9968150392293949
0.9965819933193506
0.9965819933193506
0.996426629379321
0.9966596752893654
0.9965043113493358
0.9966596752893654
0.9965819933193506
0.9966596752893654
0.9968150392293949
0.9967373572593801
0.9968150392293949
0.9967373572593801
0.9966596752893654
0.9965819933193506
0.9966596752893654
0.9965819933193506
0.9967373572593801
0.9968150392293949
0.9966596752893654
0.9966596752893654
0.9966596752893654
0.9967373572593801
0.9968150392293949
0.9966596752893654
0.9968150392293949
