9.152234780955614878e-05
5.546698607522342842e-04
2.974751537670132897e-04
9.978646873798505210e-04
1.314634896377424723e-04
8.004911291543090638e-04
2.945511512106197016e-04
5.458909819451740638e-05
4.742308015827042568e-04
8.188101560217779648e-04
4.516576508873651127e-04
6.925944528534196294e-04
4.363187112961642677e-04
7.357347208030028292e-04
1.029569211125982455e-04
9.898135097065551523e-04
7.832155066276185211e-04
4.633129168852822286e-04
4.251709812317990976e-04
1.267946070313737952e-04
8.410098542404293538e-04
2.372731065434835658e-04
9.535647788175894736e-04
3.956616665970924714e-05
3.789185342737686792e-04
2.463994930134121150e-04
7.681637605969567116e-04
2.277746777230230785e-04
1.289123729093709597e-04
6.161109508621168086e-04
5.953847916601853404e-04
2.612774050150974410e-04
1.083953327934527021e-04
2.151101975191527387e-05
4.829145816725820403e-04
9.357870815016826717e-04
4.139684022482455271e-04
5.877888673203399009e-04
2.339655212267698482e-04
6.023772517575237597e-04
1.468451414775595609e-04
9.338472455293744931e-05
8.902051202092020816e-05
1.927456567867500390e-04
4.289078523782320347e-04
7.065747609275356772e-04
7.891013349756209778e-04
4.725961907564842166e-04
5.528655977585881110e-04
1.766491741778486533e-04
9.264989862453489435e-04
9.778906048459020187e-04
4.314351765050430357e-04
8.232856886998773894e-05
2.612976558971948082e-04
7.339401246829716126e-04
8.880157270157228253e-04
5.238452294482476160e-04
5.583838297410828860e-04
1.889787760661887554e-05
3.172228525850143946e-04
9.617239855686959306e-04
1.179683112923898342e-04
9.419182586212891282e-04
6.563722267481763434e-04
2.135292390489653639e-04
7.362079289017267039e-04
7.429144378599892694e-04
6.163748566439948258e-04
8.336868445583098296e-04
6.929563484755322817e-04
3.669666818837164120e-04
6.595705240924811669e-04
6.870129978061918124e-04
3.095621820372830221e-04
9.787945897136403946e-04
5.137674739275212938e-04
3.990031371733513332e-04
5.582455586458816895e-04
3.564557766839672372e-04
4.807084788820619272e-04
1.235278999204314531e-04
4.755445155165316431e-04
6.839737196853575788e-04
5.103913345455852579e-04
1.855523446204714435e-04
3.648423020738009647e-04
2.448884771717574265e-05
7.073609561795359164e-04
2.630521314300926408e-05
8.869927184704031473e-04
4.982534661184998513e-04
8.386872357560210033e-04
8.271330308613054514e-04
1.147448876800159030e-04
8.802143431283599665e-04
8.441815072050645697e-04
5.768249580489399637e-04
2.266586309779150695e-05
8.098263441069506515e-04
5.917008411143015977e-04
8.333218118486685453e-05
8.128146854356227847e-04
6.050115909696909605e-04
9.688135867115208475e-04
1.807670999481685286e-04
1.943576139664331506e-04
7.045274568516859699e-04
1.318463428080977157e-04
3.837927113420640701e-04
8.798829985839729331e-05
8.859880465963952418e-04
4.034331717263391743e-04
6.552068414953002816e-04
9.807597212773573863e-04
3.367436578846400193e-04
2.394933613821836847e-05
6.467599235607538128e-04
8.287297345418244464e-04
7.188354575656080410e-04
8.761077251954869872e-04
2.907799616906944339e-04
1.258934402994756941e-04
6.724334400092473038e-04
9.885401728967290434e-04
6.715977182205610553e-04
6.649257348855301631e-04
1.277097420650774562e-04
3.321563825032678384e-04
8.794581312337001848e-04
8.139802017370979022e-04
2.545188185797311441e-04
9.741584477808488919e-04
8.542712607366279064e-04
4.862812427455762729e-04
9.148074409771033962e-05
7.672569319862285490e-04
5.612972705399219431e-04
9.204829526038797033e-04
5.292744536879003328e-04
6.568706973645136197e-04
3.711345191781686243e-04
2.369248706776688892e-04
4.090769558140051713e-04
7.778884712110056973e-05
6.562771003394971599e-04
7.260104457074714962e-04
5.294566549592661102e-05
8.572101617807200737e-04
2.426406206614840618e-04
3.604601039475762423e-04
5.365814366445395946e-04
2.319324032568868008e-04
9.741825875225856813e-04
3.350000101513049924e-04
8.423533540628779783e-04
5.863236386771516692e-04
9.494200820945523749e-04
5.408472174838463556e-05
6.846431798762537277e-04
5.569141178687741361e-04
3.252582117598176161e-04
5.245422160883930762e-04
9.296157800869576590e-04
6.570243094895202507e-04
5.106427188247687592e-04
9.023599367565371518e-05
7.126687717381837350e-04
1.264078774659341796e-04
6.570254675795667455e-04
8.248634818492027974e-04
5.130550696757009725e-04
6.253852815174055276e-04
3.696411164790216661e-04
8.701251748646966376e-04
4.719161862269324339e-04
5.359057907455154392e-04
5.077618408686390607e-05
2.931529933586450977e-04
4.804229440721132795e-04
8.557751588231617872e-04
3.001680171028475838e-04
6.433767921659062064e-06
6.849769417639138243e-04
1.809000295985021493e-04
9.448165436794202926e-04
2.031294065188552530e-04
7.930554213351901282e-04
6.618815535760948091e-04
7.343636355942859996e-04
1.295024375684145068e-04
9.384355634812220192e-04
4.380925334304749280e-04
1.830321919773820897e-04
3.141593127639846859e-04
3.843418432759593273e-04
6.754086457554039653e-04
3.166446590197393731e-04
5.810505368398529010e-04
1.832687290279084839e-04
2.752193319790928656e-04
6.431050474263150891e-04
1.549061371308098106e-04
1.854373685500211426e-04
3.463504392380201309e-04
8.800769945010767942e-04
7.265689670852456790e-04
2.038498324867513611e-04
7.386156065042386249e-04
3.549532097574060801e-04
8.096273729930371105e-04
8.739874908458879210e-04
9.062439143068052238e-04
2.325389760128712062e-04
3.752712188119060864e-04
7.473444187489296751e-04
1.639939553876467078e-04
1.507972560024736276e-04
1.078071888671745511e-04
8.854648584181700746e-04
9.982101336413922495e-04
8.417269314315726017e-04
6.868179049486180425e-04
2.940079172674015057e-05
4.850214282542911638e-04
7.890558865739705826e-04
3.262479349770291167e-04
3.783234301956613912e-04
4.384869184607744787e-04
4.929589033265870807e-04
4.593474670707996580e-04
3.502691773655509607e-04
6.903309569267730228e-04
5.679429116580236945e-04
8.771817372691180330e-04
1.248068060241325164e-05
8.239372664117818046e-04
2.542610778791208875e-04
3.267294639052792577e-04
6.850711200121862654e-04
8.927443529851120628e-04
5.508528976701524077e-04
8.551361992480242683e-04
9.399827879713029124e-04
6.902273690641911718e-04
9.890279083191984635e-04
1.722636488479855135e-04
7.916361312461563798e-04
6.097004928179839247e-04
6.095504333756053029e-04
5.522945868200833516e-04
7.210090538683535657e-04
9.545925897730978015e-05
2.443365631468339609e-04
8.352188033687076973e-04
2.465243717504800357e-04
5.136296906000081673e-05
2.628914093019353495e-04
2.869639416703487905e-04
9.308776839099829926e-04
4.161748145468459380e-04
6.484650527397748743e-04
2.633876232708810502e-04
1.401361479015139676e-04
2.842207530375660189e-04
2.612664758616937066e-04
2.411866641568465486e-04
5.998031911345907833e-04
9.569241907092619149e-04
1.336057616586353513e-04
7.491039147970324100e-05
1.475350124107917033e-04
6.055253882862762739e-04
6.970027332334833214e-04
3.715828699559698052e-04
1.635467506345943405e-04
9.620539241392472634e-04
9.062472605447109133e-04
8.776367545131691448e-05
7.082313098133912257e-04
9.916454583475676197e-05
1.703923685643398051e-04
4.359165308874533070e-04
9.850187211061670143e-04
3.135990962855555010e-04
8.992395668521891306e-04
3.577961835212957226e-04
6.863708836572160335e-04
5.869427448187451105e-04
8.804142879818599747e-04
9.071763862785066747e-04
9.802770839232861737e-04
3.777387797834812428e-04
3.115820106110749250e-04
6.241496939921603463e-04
1.359668624455274619e-04
3.692371746512405342e-04
9.910197040050631144e-04
2.324009459172352574e-04
8.498109224310616524e-04
4.126716919176113478e-04
4.893905855190290154e-04
1.343482775966535719e-04
3.601094380025035200e-04
3.100350022537379496e-04
7.567423760542757924e-06
9.787044076049592790e-04
7.769871010999371578e-04
9.720371441264050692e-04
8.338029534109914285e-05
6.134215676835195032e-04
3.243430367720012778e-05
5.658595454787866425e-04
5.114134491411526052e-04
7.551141015174584826e-04
2.761562349042687831e-04
6.012807152685495111e-04
9.212772216132377118e-04
8.402785381204860718e-04
9.976670778294404168e-04
7.641360589902465019e-04
4.095075449658505304e-04
9.555624468336818955e-04
9.502055407955512173e-04
9.478098436970555565e-04
3.030340829460277446e-04
2.205256463492181324e-04
1.448456823175314850e-05
7.204171671757307214e-04
9.174067547889441874e-04
3.710135317000607768e-04
6.783536992056191052e-04
8.981207217731840536e-04
5.433854921978438588e-04
1.950537609216218451e-05
4.145508182883559322e-04
4.863349974773674097e-04
9.534943008374807292e-04
9.573607915665506779e-04
6.207784114499373786e-04
3.528044650952313357e-04
7.796146738232573705e-04
4.580254260360551010e-04
2.992944416592553626e-04
5.700964357562125513e-04
6.786433030593457807e-04
9.413184456208963189e-04
4.874792047347166197e-04
7.361395589108316994e-04
8.891542160383542710e-04
8.716601867630954532e-04
3.697259254026997836e-04
8.490873705615243879e-04
4.497152901470167097e-04
1.983101995789693351e-04
9.674713593510295313e-04
5.476884657653412853e-04
9.545602239459980527e-04
6.815145844385372053e-04
5.406223571852746728e-04
8.048663122202665693e-04
5.478351859614773254e-04
6.100570907437251464e-04
8.441682157725076754e-04
1.037812811669447356e-05
6.016418858163872369e-04
9.369491795366821424e-04
1.400590647714494838e-04
6.586266093839994711e-04
7.619384103885216497e-04
8.555194386742620690e-04
8.127492377762656709e-04
1.115663945087852542e-05
3.703919995252798972e-04
7.969182681613619064e-04
5.468223712263591994e-04
8.608276555334755820e-04
4.202289542345634117e-04
5.253794924437359343e-04
9.368018976220327107e-04
6.167698505240268346e-04
2.289153390197720260e-04
3.124285933815851036e-05
1.632291636916473191e-04
2.496707105780288311e-04
5.334745479197389265e-05
6.222526331443467703e-05
9.016505637757316538e-04
7.384713577579003286e-04
6.474265203614698334e-04
7.490976118417845943e-04
2.431362998398930379e-04
6.341598596560691194e-04
6.895865995737675410e-04
8.209599494573614851e-04
2.483461851086500170e-04
5.615550035353301635e-04
4.884398367915515409e-04
9.095557459432279104e-04
4.531471865801016733e-04
9.972732085801122928e-04
7.805929453477177329e-04
5.997510144274398314e-05
6.361543587172450304e-04
2.738410292677517991e-05
1.050999367075441357e-04
9.615571507269797622e-04
5.318615251328702486e-04
9.757439659367631371e-04
5.762103478612650353e-04
3.402669282825288998e-04
5.588889925272950586e-04
5.906137674590959804e-04
8.202458229638056545e-04
8.977370206880974082e-04
3.351808471564372578e-04
2.204055288502767640e-04
4.173808910371251788e-04
8.697082786498943523e-04
1.798494091707422292e-04
7.452467076716572493e-04
2.892496593402171912e-05
2.496829107060749572e-05
1.353871936989270387e-04
9.592394367175424144e-04
2.819732945727259992e-04
6.240263202894891226e-04
3.538791326440153778e-04
5.517286223434203149e-04
9.145950669324416117e-04
6.685738205301860028e-04
1.397572564352624936e-04
1.167452883115002244e-04
7.647353745744989162e-04
2.562433577306648803e-04
6.050260901510849925e-04
6.970693800629737449e-04
5.811998831639074740e-04
4.531256247246113664e-04
5.564386259420321754e-04
7.157764871715446408e-04
7.830650165541220306e-05
3.757582320617258633e-04
1.735488492920026502e-04
1.088488395831805922e-04
4.302061544073450174e-04
7.340155357618732054e-04
9.201128154424850769e-04
5.062740564287038572e-04
8.472251864104306642e-04
3.433057268883137210e-04
3.775603386931170114e-06
5.867758262265903918e-04
4.798903962488510204e-04
6.643754666955970249e-04
6.686767592804948070e-04
9.350504024351251418e-04
5.020154234569206486e-04
2.612401920544268181e-04
5.538949215912186827e-04
2.857248867536794955e-04
5.761743536619501381e-05
9.014576563448502538e-04
1.538861641392908061e-04
2.342724221726884054e-04
3.091601302640239069e-04
7.856658347325439981e-04
3.565940176175172080e-04
6.950292618264447509e-04
6.093976669880435924e-04
9.606091510725180659e-04
3.117319719517587561e-04
9.708011949894067598e-04
1.216722840550901150e-04
3.137423101986784764e-04
7.281965366336274736e-04
3.022706330856816950e-05
2.681661310731442481e-05
3.923600338220804081e-04
4.302773684080605284e-04
4.152781262213665198e-04
6.477973415844898381e-04
7.928879766508541973e-04
2.602325047746916072e-04
3.553348014731532085e-04
4.030882438726226852e-04
5.899944410732809157e-04
9.236363297901766444e-04
5.991443968067276891e-04
6.665620356355479986e-04
4.146071989682681273e-04
6.055694898959240952e-04
2.093533158449654291e-04
1.307488433591967982e-04
8.495789485230982032e-04
6.638901050183346197e-04
1.124194095580821596e-04
9.380067591652829556e-04
7.585432237045453170e-05
3.420303759469440976e-04
7.539998562042404980e-05
4.554042896061039422e-05
1.623466774298854150e-05
8.653991609896801232e-04
8.663222610440265547e-04
4.578091968261528634e-04
4.121325726377456024e-04
1.247857373926751924e-04
4.858293187878438466e-04
5.547667003316338790e-04
6.272935373923719344e-04
3.200167772934432676e-04
2.162795851459425986e-04
4.292053355142874086e-04
6.311392481761476719e-04
5.340207984266374811e-04
9.131465327269795967e-04
9.350488550300961667e-06
7.465082392420462065e-04
9.410873287766468144e-04
2.552906105360273101e-04
6.823962583270363471e-04
6.879659898172782884e-04
3.298105130476691694e-04
4.160772407411119896e-04
7.159941641532103010e-04
6.420278894693221819e-04
4.930155494299454100e-04
7.493729090736776571e-04
6.717596895794267263e-04
1.230641663791166602e-04
9.642579237333072329e-04
7.335167849562977986e-04
3.137766630397153888e-05
5.386225225198699226e-04
8.968935581689597893e-04
5.612237419747762327e-04
6.300640966517756709e-05
8.009641562833842753e-04
9.634404987646211617e-04
2.307740499087329521e-06
7.857871203857419874e-04
5.498385942383720947e-05
3.082567898068180618e-04
5.041742404541450133e-04
4.866461685470763361e-04
1.667933064849374050e-04
7.362726092594038332e-04
2.107272911084532240e-04
4.859221290999544821e-04
2.876381896978023336e-04
2.459621267126692887e-04
1.990427198926242411e-04
6.272709819783321749e-04
1.654598572981078725e-04
9.784840733749846416e-04
7.004133111963102478e-04
6.414842346001383604e-04
7.194032793524111815e-04
5.319076781333612882e-04
5.092187302513835351e-04
6.973695100463601654e-04
5.521235119900377809e-04
9.761153987106064157e-05
6.136443459615653802e-04
3.052194983964625751e-04
2.740850152354447171e-04
9.533683226177995648e-04
3.506818053704607906e-04
4.931242897436458007e-04
8.861220261408663923e-05
9.020740640624430639e-04
4.379172118162296648e-04
7.655581900374288859e-04
6.858903092856050284e-04
3.473457245185605866e-04
9.797227134159722760e-04
4.546006431074667395e-04
5.662225541934529701e-04
8.064987579109272984e-05
5.362596388414780663e-04
9.870021470903148162e-04
9.253820050192107256e-04
8.894165744465378333e-04
5.134601787912376541e-04
3.231442675874186756e-04
1.696367358535180118e-04
3.272171428765665701e-04
4.450933895149712508e-04
2.659754163400352019e-05
1.909385180039358139e-04
1.947337797601550393e-04
2.381446993327143258e-04
5.043352482617053170e-04
8.430279216094241834e-04
3.473061028894306704e-04
1.137789765885462986e-04
4.894094137160953477e-04
5.011757730445200783e-04
7.723824925528901359e-04
3.569271941397828018e-04
3.937191949955901526e-04
1.609568965690890666e-04
9.557904835863124688e-04
1.879756641881210623e-04
6.440064456504226249e-04
7.754664861509089633e-04
1.697166947726580380e-05
3.051188392145265404e-04
2.675059132252628476e-04
4.360557423911166517e-04
4.463559070950855732e-04
2.607772057216304457e-04
8.057973866516296825e-04
8.455222935260204653e-04
7.593029109530792476e-04
2.174733704666997940e-05
3.859428909271134548e-04
9.586162455907514283e-04
1.807538634394545467e-05
7.954590798340423598e-04
3.240625718636330689e-04
6.806639063519805263e-04
3.731154592270256366e-04
2.680295182561914661e-04
8.640854955149927579e-04
4.289015798610523820e-04
3.839659370727874763e-04
3.792024270269152178e-04
2.119549717247923846e-04
1.942831194224811100e-04
7.592516143147856307e-04
8.949984806352407393e-04
2.398342142803952070e-04
7.071210338521326938e-04
5.899341585183689703e-04
8.599409451506718214e-04
4.775726461150317037e-04
7.605449898994919543e-04
3.634206356938999584e-04
6.243380074852680458e-04
8.921861703690827728e-04
6.056994424516393344e-05
1.173047852475166418e-04
3.255514890798321217e-04
7.656296442879952265e-04
6.414184534738357835e-04
9.236651237629162027e-04
9.533892664237704311e-04
8.620680790237584710e-04
9.795799792980516753e-04
9.198670233070487760e-04
6.050497073254414637e-04
8.759415168850994814e-04
9.601892873859879099e-04
6.548825549478762493e-04
9.166876313186038535e-04
9.261533565980243103e-04
6.110376151803695744e-04
7.585381421786663086e-04
1.223095384814287896e-05
4.782747145830777095e-04
6.162473522399919456e-04
8.558010410626761552e-04
6.732228170591015963e-04
4.149285058571310406e-04
9.801288627302078352e-04
7.821289087708075110e-04
9.785326821591952898e-04
7.989521057140279350e-04
6.614963011070044800e-04
1.823761339700459300e-04
8.741159073081661952e-05
2.816772677403557449e-04
5.807552262794777589e-04
9.523011618706344250e-04
5.593217296172994053e-04
5.999565555250087117e-04
8.054223185830411066e-04
4.611857923092710074e-06
2.255658764102849202e-04
6.496267558347957292e-05
1.112403511798731848e-05
2.134697255363924250e-04
1.070184466811108287e-05
5.980154679651613313e-04
8.690663324538794657e-04
6.919043214588836222e-04
4.993508702948335626e-04
4.003388315132552517e-04
2.586617565527682571e-05
1.432212962243265518e-04
1.613309917613251388e-04
1.126173483846553216e-04
6.496757116545515348e-04
7.325942000450197606e-04
9.748596658499572142e-04
8.743362363888574620e-04
2.071516515023332926e-04
4.694793475045727746e-04
1.544745059535499560e-04
2.866818185173898277e-04
6.227645308022559251e-04
4.763413398910958715e-04
1.187525055853343446e-04
3.446496735135650010e-04
3.632369091209526352e-04
5.421373509418117879e-04
7.343423010981550052e-04
7.700458551377592324e-04
1.898261978433393217e-04
8.227063116874169585e-04
7.364006122544344444e-04
4.172079538598324339e-04
5.789430077656992739e-04
9.559102952974594730e-04
4.112218909241955006e-04
7.514260613333022861e-04
1.009027351944745713e-04
9.382326598028323771e-04
6.202317510343735314e-04
9.300043484667576280e-04
9.255580197311628204e-04
1.977067207523084433e-04
6.843404858170531145e-04
2.135332432242804685e-04
3.906908811541918362e-04
1.182056522968316723e-04
9.344403652872490485e-05
8.235481693277167886e-04
1.924061852706910962e-04
8.164135159619553351e-04
2.352863675262166780e-04
2.857483647889813593e-04
7.751964058749787230e-04
1.783880883320932000e-05
9.443676488640226178e-04
2.008924330381050085e-04
8.583115980510116561e-04
8.541469459598295016e-05
1.658592052538119383e-04
6.971800197520457458e-04
6.918523007453441717e-04
5.157170806989305658e-04
3.465565925799312308e-04
5.828133932159169179e-04
6.887499853996853537e-04
3.623017118660732902e-04
7.772587359195374038e-04
9.626308181156421982e-04
7.791050851214314848e-04
2.664340179459322470e-04
3.746010861784836339e-04
9.923972635361643594e-04
6.456399869595148095e-04
1.884990568160793873e-05
7.597888040370050092e-04
8.770859983510510220e-04
2.433680522149317377e-05
8.270788774293662228e-04
7.586995581964117762e-04
6.364801228206418452e-05
1.183132915399653907e-04
3.005457654767209534e-04
9.047888920925795336e-05
1.220487913840585532e-04
3.570398404932052750e-04
4.992300855575387310e-04
2.254846877000060667e-07
1.898084852956738412e-04
6.827384267334019865e-04
1.832152577884822383e-04
3.637834275853964075e-04
8.060853276949318498e-04
7.807673116819281245e-04
3.203972744014094067e-04
7.669329617736719699e-05
9.752384049808870579e-04
9.004535702105269683e-04
8.396989150145231853e-04
5.355281698642180279e-04
6.745830852220467341e-04
7.757118057859770056e-04
6.805227299270921043e-04
