0.7640666666666667
0.8310833333333333
0.84225
0.8471333333333333
0.85205
0.8560166666666666
0.8586666666666667
0.86125
0.8635333333333334
0.8640833333333333
0.8662333333333333
0.8670166666666667
0.8683
0.8680833333333333
0.8702833333333333
0.8713833333333333
0.8700333333333333
0.8715166666666667
0.8715166666666667
0.8732666666666666
0.8738666666666667
0.8743166666666666
0.8732166666666666
0.8746666666666667
0.87415
0.8756333333333334
0.8770666666666667
0.8767166666666667
0.8778666666666667
0.8773666666666666
0.8778666666666667
0.8783333333333333
0.8795666666666667
0.8793
0.8782666666666666
0.8798166666666667
0.8803166666666666
0.8802
0.8804666666666666
0.88095
0.8802
0.8807166666666667
0.8818666666666667
0.8820833333333333
0.8813166666666666
0.8823
0.8824166666666666
0.8826166666666667
0.8824666666666666
0.8825166666666666
0.8827
0.8829166666666667
0.8824333333333333
0.8833333333333333
0.8833
0.8837833333333334
0.8834833333333333
0.8838166666666667
0.8843833333333333
0.88465
0.8852166666666667
0.8842666666666666
0.8841666666666667
0.88465
0.8844833333333333
0.8855833333333333
0.8851333333333333
0.8870333333333333
0.88615
0.8862166666666667
0.886
0.88625
0.8866333333333334
0.88695
0.8873833333333333
0.8876666666666667
0.8872333333333333
0.8872166666666667
0.8876666666666667
0.8866
0.8875166666666666
0.8881
0.8880833333333333
0.8875
0.8879666666666667
0.8878666666666667
0.8884166666666666
0.8884
0.8893
0.8885166666666666
0.88895
0.8881666666666667
0.8888
0.8886333333333334
0.8889166666666667
0.88925
0.8900166666666667
0.88935
0.8891
0.8897166666666667
