0.6996765980197224
0.49146365197307607
0.45711035221631113
0.4408423892475897
0.4281800540963047
0.4161130034919674
0.40810003308909526
0.4009244181403759
0.3951627898019576
0.39131633089984014
0.3867959019207443
0.383956825894349
0.38107218922975117
0.3783875024038811
0.3758754706618246
0.37399931352117477
0.3723007042011361
0.370203298020709
0.3690476274486948
0.36707065735201927
0.36482510705767207
0.3633528575820698
0.3627021348335532
0.3608788481263219
0.35991477858664983
0.35871405679487667
0.35709781824469994
0.3561646130839662
0.3540797287295913
0.3531133831799076
0.35224356543684954
0.35151131294201776
0.3499289056635226
0.34892420454767126
0.34791433981559383
0.3470194171457056
0.3467995656240148
0.34576563714070874
0.344491208265522
0.34308150517025315
0.34337661001701525
0.34268233592815495
0.3417636532708284
0.3402645040329742
0.3398414355445324
0.3391163133216367
0.3386262164402124
0.3378835612878526
0.33728917709745315
0.3362126593868567
0.33588265818328583
0.334310864238801
0.33462745971042207
0.33375410887958035
0.3325530786254485
0.33209248328713825
0.3316431209091964
0.33120868311237195
0.3306972556540532
0.32952282263227545
0.32934964915437986
0.32813998223555
0.3284748955631005
0.3273346881947977
0.32706865403097896
0.32623552023313945
0.32641991654526203
0.3252512423059457
0.3252350484314101
0.32518012548728725
0.324345812753558
0.32391270839244657
0.32305306369685194
0.3227865961708794
0.32217546008456666
0.32232630556861736
0.3217703870805296
0.3212845309357636
0.32037530279358184
0.3209353438285174
0.32060323342922037
0.3201595393723343
0.3192117103774421
0.31960837521231905
0.3194374396017525
0.31867561121642357
0.3181211963931633
0.31813767355776834
0.3173100421099125
0.31794624385487696
0.3168344994247276
0.3180930214491761
0.3164554276011085
0.31711762946653255
0.3161328546400536
0.3153446133758242
0.3157890160999638
0.3151647749534793
0.31508971593436225
0.3155744523672154
