2.1598942836185295
2.061707356087367
2.043820809940497
2.0382099683344364
2.0343575703779857
2.032015812001626
2.029819045257568
2.02787159529527
2.0262926128685472
2.025094095883767
2.0231676533838114
2.0212959793269634
2.020503530627489
2.0200823671301205
2.0197089976827303
2.0179410353978473
1.9605818711896736
1.9458014487644038
1.943836412602663
1.943276092962424
1.942827574868997
1.941957073946794
1.8873081854780516
1.8590597422103088
1.8586571782708168
1.8575258437434832
1.8302683836479983
1.7795447249551615
1.7768026558299859
1.7765187796215216
1.7756482109288374
1.7735991335213184
1.7724057546436787
1.7725235898514589
1.7712981504380703
1.771488783665498
1.7712848794817924
1.7709445238828658
1.7700337583343189
1.7702336766084035
1.7704114957829316
1.770637737284104
1.770473152265946
1.769306762580077
1.768802421637376
1.7698928923686346
1.7703111773709457
1.769382190368573
1.76872545196414
1.7683333341479301
