0.2482
0.3615833333333333
0.38613333333333333
0.3930666666666667
0.3998333333333333
0.40346666666666664
0.40595
0.4096166666666667
0.4120333333333333
0.4143833333333333
0.41483333333333333
0.42006666666666664
0.4194333333333333
0.42023333333333335
0.42265
0.4224333333333333
0.48418333333333335
0.5022333333333333
0.50655
0.5052666666666666
0.50755
0.5043333333333333
0.5734666666666667
0.60275
0.60645
0.6073333333333333
0.64315
0.7048666666666666
0.70685
0.7084
0.7081333333333333
0.7116
0.7119
0.7112166666666667
0.71295
0.7134
0.7138
0.7150166666666666
0.7166166666666667
0.71515
0.7144333333333334
0.7158833333333333
0.7160666666666666
0.7175333333333334
0.7156833333333333
0.7122666666666667
0.715
0.7159666666666666
0.7171
0.7151333333333333
