0.5343833333333333
0.5683
0.5686166666666667
0.5705833333333333
0.5815166666666667
0.6606833333333333
0.6587166666666666
0.6599166666666667
0.6533
0.6556833333333333
0.65255
0.6542833333333333
0.65485
0.6561666666666667
0.6508
0.64955
0.6522
0.6564833333333333
0.6506833333333333
0.6503166666666667
0.6507833333333334
0.6505666666666666
0.6508
0.6486666666666666
0.6531833333333333
0.6536833333333333
0.6476333333333333
0.64685
0.6512
0.64725
0.6429166666666667
0.6461666666666667
0.6490333333333334
0.6490333333333334
0.6427333333333334
0.6476
0.6492833333333333
0.6426333333333333
0.64845
0.6507333333333334
0.6449833333333334
0.6480666666666667
0.6483666666666666
0.6435333333333333
0.6458666666666667
0.6479666666666667
0.6462666666666667
0.64375
0.6363833333333333
0.64305
