2.06526691437761
2.0461359728654225
2.043031998391946
2.0412757322609423
2.0401203394969305
2.0389726997733115
2.0373181589305402
2.036132203332583
2.0347032943268615
2.03206925522089
2.030450859506925
2.029677516110738
2.029215705684821
2.0286478811542192
2.0283847672124704
2.0279981530586877
2.0276896589537463
2.027441703357299
2.027199757059415
2.0270107250074547
2.026787139125665
2.0266633955856164
2.02647263717254
2.0262320427755514
2.0261360857784747
2.0260534302393594
2.0259404592772325
2.0257239751636984
2.0256406722744305
2.025628786168496
2.0254550943136214
2.0253812145570915
2.025255603992939
2.025231161079804
2.025115959988038
2.0249986035982768
2.0249204914053283
2.0248726039409637
2.0248209889670212
2.024702305752039
2.0246227200885616
2.024588940781355
2.0245171376546223
2.0244565711200235
2.02443714492321
2.0243617455999057
2.0243199295083683
2.024266606980562
2.0242345247666043
2.0240933204015095
