2.0752769631266594
2.060435810351372
2.060070124469201
2.059158185529709
2.055702627448241
2.0270100458244484
2.026831489380201
2.0260434926768145
2.0270095777293045
2.025698763958613
2.026218747740984
2.0259931030730405
2.0254527928014596
2.024784540293614
2.0266748007078967
2.0267290352205434
2.0259521569669245
2.0249218392769497
2.027042321676016
2.025869475199779
2.0251082184394202
2.025853965348005
2.026918873045842
2.0255533347745738
2.025182286061843
2.0253206230819227
2.026763353550434
2.0277798727790515
2.025788086346785
2.0267431954662003
2.0273356501917044
2.027040085031589
2.0266435088773567
2.0271145646572113
2.027876871240139
2.0283792212625347
2.0286024654885133
2.029202411456903
2.027129825091362
2.0288531761268773
2.026903147367636
2.026431145801147
2.025649941299359
2.027738635297616
2.027475481651227
2.0268944978992143
2.0276203866541387
2.0292477042277652
2.0309203236361344
2.028761075679461
