0.5004333333333333
0.4787166666666667
0.47978333333333334
0.48331666666666667
0.4897666666666667
0.5245166666666666
0.5496333333333333
0.5614666666666667
0.60245
0.6363666666666666
0.6423166666666666
0.6435833333333333
0.6447
0.6456833333333334
0.6458333333333334
0.6462666666666667
0.6465333333333333
0.6471666666666667
0.6473
0.6473833333333333
0.6473166666666667
0.6477666666666667
0.6482666666666667
0.6487166666666667
0.6483833333333333
0.6491166666666667
0.6486333333333333
0.6489666666666667
0.6491166666666667
0.64955
0.6493833333333333
0.64935
0.6494833333333333
0.6494166666666666
0.64935
0.6502333333333333
0.6502
0.6501
0.6501
0.6499
0.6505
0.6502166666666667
0.6508333333333334
0.6504
0.6503166666666667
0.6503666666666666
0.6506
0.6507333333333334
0.6506166666666666
0.6510666666666667
