0.9221320230719932
0.9661397137363811
0.9713736381115147
0.9766075624866482
0.9805063020722068
0.9823755607776116
0.9811471907712027
0.9835505233924375
0.9863277077547532
0.9864345225379193
0.9867549668874173
0.9871822260200812
0.9864879299295023
0.9881969664601581
0.9874492629779962
0.9878231147190771
0.9901196325571459
0.9881435590685751
0.989265114291818
0.9905468916898099
0.9909207434308909
0.9897457808160649
0.9906537064729759
0.9905468916898099
0.9903866695150609
0.9897457808160649
0.9919888912625507
0.9920422986541337
0.9921491134372997
0.9919888912625507
0.9914014099551378
0.9921491134372997
0.9922559282204657
0.9929502243110446
0.9926831873531297
0.9918286690878018
0.9939649647511215
0.9943388164922026
0.9936445204016235
0.9934842982268746
0.9927900021362956
0.9896389660328989
0.9932706686605426
0.9947126682332835
0.9936445204016235
0.9939649647511215
0.9950865199743645
0.9955137791070284
0.9939649647511215
0.9934308908352916
0.9949262977996155
0.9962614825891903
0.9955137791070284
0.9958342234565264
0.9952467421491135
0.9949797051911985
0.9942320017090366
0.9950331125827815
0.9956205938901944
0.9957274086733604
0.9955671864986114
0.9961546678060244
0.9965285195471053
0.9961546678060244
0.9959944456312754
0.9954603717154454
0.9957274086733604
0.9951399273659475
0.9956740012817774
0.9958342234565264
0.9959944456312754
0.9966353343302713
0.9971694082461012
0.9965819269386883
0.9966353343302713
0.9969557786797693
0.9961012604144414
0.9955137791070284
0.9965819269386883
0.9971160008545182
0.9967421491134373
0.9970625934629352
0.9970091860713522
0.9964217047639393
0.9976500747703482
0.9974898525955992
0.9971160008545182
0.9969557786797693
0.9959944456312754
0.9974364452040162
0.9975432599871822
0.9966353343302713
0.9969557786797693
0.9975966673787652
0.9975966673787652
0.9969557786797693
0.9977568895535142
0.9969557786797693
0.9949797051911985
0.9977568895535142
