0.2876836113243367
0.26156612451904576
0.2591242411193486
0.2579284330783242
0.25718254377622846
0.2566771865039219
0.2562896323344799
0.255988138953928
0.2557741140954415
0.2555605451849377
0.25531535534363087
0.2551962955101918
0.2550029593669552
0.2549151333420369
0.25474497848602384
0.2546643429699639
0.25454033235102314
0.25446964130714245
0.2543744984590247
0.2542967997461842
0.25424611280452103
0.25418657063511824
0.2541406883635388
0.2540696628706018
0.2539842289977443
0.25393014463068564
0.25387407816725993
0.25384017815634724
0.2538143712967914
0.2537411713941868
0.2536945988398873
0.25364556365021274
0.2536034618100577
0.2535706037714942
0.2535339192448449
0.25351490348329786
0.2534629923891912
0.2534313662748723
0.25339493952800946
0.2533395271182551
0.2532974002610958
0.2532868300258053
0.2532762024106841
0.25324540272798424
0.25323001973826986
0.25317987445202184
0.2531577132339569
0.25313116334668684
0.25311135050671313
0.2530860381022502
