0.580600349739418
0.3216359850560994
0.28711195293660513
0.2701965079675265
0.25916983405997784
0.2515157963066494
0.24388470676327664
0.23793859183180038
0.2325118776194635
0.22772673681323607
0.22268311424123904
0.21916404086601282
0.2143828906107672
0.21105774760341325
0.20830983984800486
0.20562307922191037
0.20300147924316278
0.20030805897578538
0.19819259437632433
0.19627115500035708
0.19418599629245994
0.19260161193813874
0.1907783273097935
0.18930382237687624
0.18793700388560594
0.18667242766245157
0.18556273538582946
0.1847799053239124
0.18329499748180228
0.1820689041314169
0.18118656642422362
0.1804781080644358
0.17984670992627805
0.17879428278954862
0.17799449228558142
0.17711811501635732
0.17659553883021945
0.17574390097374554
0.1751126635974641
0.17456585231864177
0.17319321769906482
0.1731407837875013
0.17229175886954162
0.17158740497820454
0.1709791746058035
0.17044076999229152
0.16989148665111087
0.169902003796408
0.16920591187738784
0.16856251182785043
0.16859325086405622
0.16727026763538577
0.16749161034293072
0.1667722528763698
0.16642297105654177
0.16585859046843338
0.16578688856524962
0.16486243061098652
0.1647284470150637
0.16437038517716693
0.16372442856269456
0.1636293661276965
0.16307591956555337
0.16316397746777123
0.162498226160289
0.1622710612758095
0.16204168059580562
0.16182757570741588
0.16144870977322562
0.16144621607941834
0.16100204548287553
0.16096423148441105
0.16015456562792382
0.16036490720949248
0.15998288418281445
0.1599696793841085
0.1593588995027569
0.15953513811778045
0.15853920554773296
0.15895102115871362
0.15858344384219647
0.15805874821908622
0.15850191575993955
0.1577799981076088
0.15779134475412931
0.15756093260773946
0.1578589577054745
0.15722401992201862
0.15716133923889752
0.15697040944114488
0.15697274390811364
0.15675431183303576
0.15665847566584984
0.15626025612736066
0.15616056277845983
0.15611059072746963
0.1560114513362284
0.15557177591292284
0.15589843226478944
0.1558210092207319
