1.6315487206816672
1.5867165288070837
1.5737993726372719
1.571172525515159
1.5670901274402935
1.563073782000939
1.5653997525513172
1.5665687590261301
1.5690525102774302
1.5751856179594994
1.575498218067487
1.5769558963219326
1.577090494487683
1.5847171709080536
1.576884511689345
1.5855708126803238
1.5760622001449267
1.5847327879269917
1.5879238360404968
1.5985985473354658
1.5920180813014508
1.596295701922973
1.6078089971164862
1.604395196435849
1.6052014285246532
1.6067368238131206
1.5980536053299903
1.5872705433249474
1.5929438887218634
1.587036139347156
1.5910121011455853
1.596100388777256
1.5971342219094435
1.5965933390895526
1.5924542917907238
1.5928375801761945
1.5976415908813477
1.6012208066860836
1.6089574611524742
1.6052601108113924
1.6133981635570527
1.60111852906545
1.5861364697972933
1.6126174299617608
1.6085541788101196
1.6125445755203565
1.589842785578966
1.585634334697326
1.6090775655905405
1.6151347484012444
