0.7103166666666667
0.7952333333333333
0.8125333333333333
0.8196333333333333
0.8359833333333333
0.8374166666666667
0.8375833333333333
0.8361166666666666
0.83955
0.8333
0.8383333333333334
0.83745
0.8344166666666667
0.8352666666666667
0.8376166666666667
0.8379166666666666
0.83565
0.83525
0.8305833333333333
0.8339833333333333
0.8383833333333334
0.8405
0.8377
0.84325
0.84285
0.8431166666666666
0.8394666666666667
0.8403333333333334
0.8449833333333333
0.8461333333333333
0.8468666666666667
0.8417666666666667
0.8499
0.8453
0.84735
0.8474
0.84165
0.8368333333333333
0.8372166666666667
0.8476166666666667
0.8461666666666666
0.8427666666666667
0.8505333333333334
0.839
0.8421833333333333
0.8365833333333333
0.8439333333333333
0.8512
0.84415
0.8385666666666667
