0.6041485021872491
0.5741991396134696
0.5677197037172786
0.5631250282067107
0.5624642096805257
0.5602888261735809
0.5590715035939415
0.5576287547706972
0.5571740689573825
0.5556141190410705
0.5558244696388742
0.5553073299839008
0.5557262275691879
0.5546858343010248
0.5543290631584162
0.5545420679328432
0.5544698010732975
0.5536711448451388
0.5537163563752322
0.552851806559692
0.5527476638561893
0.5528867483215438
0.5535794028173118
0.5534466414516793
0.5527877463181032
0.5527241456982316
0.552999836277106
0.5527929356180432
0.5525944589186977
0.5524214489309484
0.5524413379796981
0.5526897734752503
0.5523268663553417
0.5522970363825617
0.5523244475317521
0.552360788248742
0.5522118284645765
0.5520684686042743
0.5522415803725891
0.5522609536584385
0.552157375948013
0.552043635333687
0.5520714385320783
0.5520333548312614
0.5522447474121003
0.5520578030432374
0.5523325736051288
0.5521982354668057
0.5520625022983887
0.5519793878105099
