0.9492095706045717
0.9768745994445631
0.9832834864345226
0.9883571886349071
0.988731040375988
0.9912411877803888
0.9922559282204657
0.9939649647511215
0.9941785943174536
0.9958342234565264
0.9955671864986114
0.9961546678060244
0.9956740012817774
0.9967955565050203
0.9970091860713522
0.9968489638966033
0.9969557786797693
0.9978102969450972
0.9975966673787652
0.9985580004272592
0.9986648152104252
0.9985580004272592
0.9979171117282631
0.9978637043366801
0.9986114078188422
0.9987716299935911
0.9983977782525102
0.9986648152104252
0.9988784447767571
0.9989852595599231
0.9989852595599231
0.9986648152104252
0.9990920743430891
0.9991454817346721
0.9990920743430891
0.9990920743430891
0.9992522965178381
0.9994125186925871
0.9991988891262551
0.9992522965178381
0.9993057039094211
0.9994125186925871
0.9993591113010041
0.9994125186925871
0.9991988891262551
0.9994125186925871
0.9990920743430891
0.9992522965178381
0.9994125186925871
0.9994659260841701
