1.8281974149525166
1.7046013198196888
1.6168132674217224
1.6059085702598095
1.6024535798211892
1.598427105031411
1.5926003098865351
1.5926589903573196
1.58914946753184
1.590507699161768
1.588560147913297
1.5882008376598358
1.5880759171128274
1.5846411392231783
1.5827961521804332
1.5858099519809088
1.5869245416104794
1.583775078280767
1.582431858287255
1.5790800805032252
1.5814812124709288
1.5822731990754604
1.5797773508310318
1.5845184127092362
1.5832190788487592
1.5819539312521618
1.579473929599921
1.5784786606450876
1.582770351900657
1.5815116512954235
1.5811505289296308
1.5786551527440549
1.5805706108470758
1.5814190091828506
1.5791830618739129
1.5778554952243964
1.5791353955984115
1.582337387295564
1.5821929837703705
1.582249269068241
1.5789031086723009
1.5816652365207673
1.5761104756633442
1.578654415957133
1.5772049501260121
1.5815307729224364
1.5802110908468565
1.5777968783259393
1.5822114277263482
1.58257595585982
