0.6353
0.7561666666666667
0.8445
0.8545666666666667
0.8582833333333333
0.8620333333333333
0.8682666666666666
0.8678833333333333
0.8713666666666666
0.8701833333333333
0.87235
0.8723333333333333
0.8728166666666667
0.8762666666666666
0.8780166666666667
0.8751666666666666
0.8740666666666667
0.8771
0.8786
0.88195
0.8795
0.87875
0.88125
0.8764166666666666
0.8777333333333334
0.8790666666666667
0.8815333333333333
0.88255
0.8781833333333333
0.8795166666666666
0.8798833333333334
0.8824333333333333
0.8804666666666666
0.8796166666666667
0.8817666666666667
0.88305
0.8819166666666667
0.8787166666666667
0.8788166666666667
0.8788333333333334
0.8821333333333333
0.8793833333333333
0.8850166666666667
0.88245
0.8838166666666667
0.8795333333333333
0.8808666666666667
0.8833833333333333
0.8787666666666667
0.8785833333333334
