0.17855
0.23066666666666666
0.24066666666666667
0.23858333333333334
0.24661666666666668
0.2521333333333333
0.25398333333333334
0.2568666666666667
0.25743333333333335
0.25935
0.26038333333333336
0.26205
0.26045
0.2609666666666667
0.26445
0.26245
0.263
0.2775166666666667
0.29833333333333334
0.2994
0.3002
0.3007666666666667
0.3017166666666667
0.3013
0.30151666666666666
0.30188333333333334
0.3014833333333333
0.3020833333333333
0.30191666666666667
0.3028
0.30261666666666664
0.3022
0.30275
0.30235
0.3041
0.304
0.3031333333333333
0.30133333333333334
0.3029
0.3030333333333333
0.30415
0.30451666666666666
0.30423333333333336
0.3043166666666667
0.30435
0.3050833333333333
0.30443333333333333
0.3052
0.3046333333333333
0.3045333333333333
