4.091949143729093
3.330330059923866
3.213519411158819
3.08494031900105
2.949157085672863
2.8686689153616967
2.8152716409081173
2.7724401484056966
2.736512108814598
2.7073562496494166
2.6844069653693627
2.6660296288266547
2.6482950405692467
2.635828936307247
2.6264300267735243
2.6137393926578234
2.6079828773544107
2.603536873603701
2.5978990894494816
2.5945274348145126
2.590014125363237
2.5865477918240765
2.58406484481827
2.580931884811239
2.5779072312099482
2.5756277320347167
2.5752024133462217
2.5747765734034473
2.5731890541466718
2.5706238347914616
2.5701578360677106
2.5686555529998674
2.5660456694522837
2.566649164317632
2.566046741786465
2.56289488943586
2.5616556711559313
2.5629855499926473
2.5605400934822105
2.5592635477006067
2.5592054734906413
2.5583557924673146
2.556426819821674
2.556624428269325
2.554895453407199
2.5544760652791707
2.5548847820147396
2.55350917582152
2.5530373379124884
2.552891014124862
