13.831365165477802
11.62141417339443
11.26356441557445
11.087155771663129
10.980131113180597
10.907378567937497
10.852589574481648
10.812422942214182
10.77704187365808
10.750130774907245
10.725852647196234
10.703848379411975
10.684155540555363
10.670182125225605
10.654174174133177
10.643093087166989
10.63146470970755
10.620218798435726
10.612079885338563
10.600523340576956
10.59500430675621
10.588569901296555
10.57854273250065
10.572230923848664
10.569104801496119
10.564638147696295
10.559846762459449
10.554008785896468
10.549166030680814
10.547897644494288
10.542935891984376
10.538822770428087
10.537748885777127
10.535298808966434
10.529328833174269
10.528695393438014
10.526217605139532
10.524746799666717
10.525517513912266
10.519565954410512
10.518371534820027
10.516001917163983
10.515052314033904
10.51382110188093
10.51211395973998
10.512304627665854
10.508831844355333
10.507467155452847
10.507269138930898
10.506147364177988
10.505580838195614
10.504632428965692
10.499291826394716
10.500031589452417
10.499713067295124
10.498845644935264
10.498077787734337
10.497351042898776
10.495010740219852
10.495366914692214
10.494260694097045
10.49234503281973
10.492294972561263
10.49236776322903
10.491615827986015
10.491961912199626
10.490868338094282
10.491110192506797
10.489649291718527
10.487018944754055
10.489172845676842
10.487857429454069
10.490854171274949
10.487771476359764
10.487433040282598
10.486610456617184
10.487550245150905
10.485859370825063
10.483428103565394
10.486523258847951
10.484419092933745
10.485247247557096
10.48343460945724
10.481588971153627
10.4828421711194
10.481564950978967
10.480695134546902
10.483042578307048
10.483765914516205
10.481302953998345
10.481733710828593
10.480986814971331
10.48082571734691
10.479778754683107
10.480732769611311
10.480640382910398
10.479137202000413
10.478579422110911
10.479258482692462
10.480369152033003
