0.23610415623435152
0.3014521782674011
0.3114672008012018
0.3245701886162577
0.3254882323485228
0.3320814555166082
0.3376731764313136
0.34526790185277917
0.34626940410615925
0.34777165748622935
0.35386412952762475
0.35678517776665
0.35678517776665
0.3586212652311801
0.3616257719913203
0.36362877649808045
0.36538140544149555
0.36696711734268067
0.37063929227174097
0.36846937072275077
0.3728092138207311
0.3737272575529962
0.371891170088466
0.3747287598063762
0.3767317643131364
0.3749791353697213
0.37764980804540144
0.3815723585378067
0.37798364212986146
0.38123852445334666
0.38073777332665665
0.37948589550993156
0.3814054414955767
0.3811550659322317
0.38407611417125687
0.3788182273410115
0.3828242363545318
0.38382573860791186
0.3846603238190619
0.3815723585378067
0.3839091971290269
0.3832415289601068
0.3821565681856118
0.38173927558003673
0.3829076948756468
0.3844934067768319
0.38198965114338174
0.38098814889000165
0.3832415289601068
0.3847437823401769
0.385494909030212
0.3821565681856118
0.3813219829744617
0.3804039392421966
0.3846603238190619
0.38182273410115175
0.38507761642463695
0.38382573860791186
0.3809046903688867
0.38257386079118677
0.3815723585378067
0.38232348522784176
0.385494909030212
0.3836588215656819
0.3834084460023368
0.3813219829744617
0.3821565681856118
0.3842430312134869
0.3841595726923719
0.38374228008679684
0.3815723585378067
0.3814889000166917
0.38082123184777167
0.3813219829744617
0.38073777332665665
0.37815055917209145
0.37898514438324155
0.38198965114338174
0.3788182273410115
0.38382573860791186
0.3799031881155066
0.38023702219996663
0.3816558170589217
0.38123852445334666
0.38098814889000165
0.38082123184777167
0.3799866466366216
0.3790686029043565
0.37873476881989654
0.3800701051577366
0.3786513102987815
0.3811550659322317
0.3809046903688867
0.3827407778334168
0.37664830579202135
0.3813219829744617
0.3824069437489568
0.3798197295943916
0.38082123184777167
0.38349190452345183
