0.7135833333333333
0.7740833333333333
0.7884666666666666
0.7957
0.7999166666666667
0.8014
0.8037666666666666
0.8050666666666667
0.8058333333333333
0.8067833333333333
0.8076166666666666
0.80875
0.8097166666666666
0.8095166666666667
0.80975
0.8100666666666667
0.8105
0.8105666666666667
0.8105833333333333
0.81105
0.81125
0.8118333333333333
0.8119666666666666
0.8115
0.8119166666666666
0.8125
0.8124
0.8133333333333334
0.81235
0.8122166666666667
0.8125666666666667
0.8128166666666666
0.8132
0.8130666666666667
0.8130166666666667
0.8132166666666667
0.8131833333333334
0.8132
0.8134166666666667
0.8137833333333333
0.8142833333333334
0.81405
0.8142
0.8137833333333333
0.8143666666666667
0.8138166666666666
0.81395
0.8143166666666667
0.8142666666666667
0.8148
0.81485
0.8149
0.8144333333333333
0.8145833333333333
0.81455
0.8144333333333333
0.8150333333333334
0.8148833333333333
0.8153
0.8151833333333334
0.81545
0.8152666666666667
0.8148166666666666
0.81475
0.8158833333333333
0.81545
0.8155333333333333
0.81575
0.8157833333333333
0.81585
0.81575
0.8159166666666666
0.8154
0.8159833333333333
0.8160666666666667
0.81585
0.81615
0.8163666666666667
0.8161
0.8161166666666667
0.8156333333333333
0.8159333333333333
0.8164333333333333
0.81625
0.8162333333333334
0.8156333333333333
0.8162166666666667
0.8165333333333333
0.8159833333333333
0.81645
0.81645
0.8163333333333334
0.8163166666666667
0.8159333333333333
0.81625
0.81645
0.8165833333333333
0.81615
0.8165166666666667
0.8160833333333334
