0.6135163873376767
0.5838753737571326
0.5754501135226779
0.5698529995199555
0.5659279299072668
0.5632463401389208
0.5614153277037414
0.5591457459699188
0.5576765690762068
0.5565315325420347
0.5559161109111677
0.5553138768620737
0.5552624423065595
0.5546004964045494
0.5542472554810458
0.553913225834249
0.5535571879777509
0.5532219685300551
0.5530704416587704
0.552928481001906
0.5529267322912708
0.5527170063930555
0.5525495327039806
0.5527019957731076
0.5526810446354192
0.5524266502129372
0.5525072117094758
0.5525100265168604
0.5522889169273252
0.55225114394803
0.5522997512270614
0.5521905725518242
0.5522093555530506
0.5521097126054957
0.5521338620970988
0.5522460941542827
0.5520873896346289
0.5522001130576828
0.5520871064520829
0.5520889352584492
0.5521340771086627
0.5521923105760254
0.5520870944827674
0.5521198234142235
0.5520855579409837
0.5520855570592016
0.552085557043285
0.552085557043285
0.552085557043285
0.552085557043285
