1.994689906366511067e+01
1.961734000281598256e+01
1.944039862942709362e+01
1.925525614933324192e+01
1.901900256716698223e+01
1.869259212315818175e+01
1.821601732664327500e+01
1.748725200416706116e+01
1.635347878563556634e+01
1.470256486773485172e+01
1.269732406646626366e+01
1.071059101683755266e+01
8.968266612170632257e+00
7.525660909199442195e+00
6.363430236866763678e+00
5.436508932997035970e+00
4.697001839674266321e+00
4.103269332988982221e+00
3.622064163382763713e+00
3.227850020470831804e+00
2.901321147013082857e+00
2.627933271041951624e+00
2.396693509611872663e+00
2.199235405951048161e+00
2.029134945920551214e+00
1.881411541176296165e+00
1.752165104366428805e+00
1.638311423387788901e+00
1.537388091194498596e+00
1.447411098384897343e+00
1.366767958606519118e+00
1.294137347443168551e+00
1.228428131090908870e+00
1.168732693132414013e+00
1.114290895342191723e+00
1.064462015614507706e+00
1.018702720843689180e+00
9.765496433402079957e-01
9.376054971090646006e-01
9.015279371676139242e-01
8.680205602535474574e-01
8.368255891484228659e-01
8.077178897242863753e-01
7.805000498235472595e-01
7.549983094062987510e-01
7.310591772093261165e-01
7.085466041887310551e-01
6.873396109789048358e-01
6.673302874849041944e-01
6.484220990019801123e-01
6.305284460166109550e-01
6.135714349041401228e-01
5.974808247136073058e-01
5.821931215858241471e-01
5.676507974408412371e-01
5.538016136673193923e-01
5.405980338583100675e-01
5.279967123277904406e-01
5.159580473362181952e-01
5.044457897502977461e-01
4.934266993397406487e-01
4.828702421335272499e-01
4.727483232687717529e-01
4.630350506056009063e-01
4.537065250825858542e-01
4.447406543742528640e-01
4.361169869051538250e-01
4.278165636903139557e-01
4.198217858228024402e-01
4.121162957266202298e-01
4.046848705458516715e-01
3.975133262564252146e-01
3.905884312708960970e-01
3.838978284643035366e-01
3.774299646845601930e-01
3.711740269273583470e-01
3.651198844561516776e-01
3.592580362347183587e-01
3.535795631151743001e-01
3.480760842897716589e-01
3.427397175717770694e-01
3.375630431204034165e-01
3.325390702681943478e-01
3.276612071472371213e-01
3.229232328439438637e-01
3.183192718414062372e-01
3.138437705341153849e-01
3.094914756225793928e-01
3.052574142154250714e-01
3.011368754843480322e-01
2.971253937330072814e-01
2.932187327549128364e-01
2.894128713677739384e-01
2.857039900228264817e-01
2.820884583974774817e-01
2.785628238884282903e-01
2.751238009302599541e-01
2.717682610715055347e-01
2.684932237465393889e-01
2.652958476872534499e-01
2.621734229235764269e-01
2.591233633264571901e-01
2.561431996510434295e-01
2.532305730415029821e-01
2.503832289622792695e-01
2.475990115235915945e-01
2.448758581717397353e-01
2.422117947172419128e-01
2.396049306760874853e-01
2.370534549014173265e-01
2.345556314848103729e-01
2.321097959080238582e-01
2.297143514275818699e-01
2.273677656759910404e-01
2.250685674646496770e-01
2.228153437746641652e-01
2.206067369228628949e-01
2.184414418912575540e-01
2.163182038090986359e-01
2.142358155774785056e-01
2.121931156271920638e-01
2.101889858012334633e-01
2.082223493539562542e-01
2.062921690594810287e-01
2.043974454224818660e-01
2.025372149849637704e-01
2.007105487230919361e-01
1.989165505285529212e-01
1.971543557693134774e-01
1.954231299249814258e-01
1.937220672923161413e-01
1.920503897567269747e-01
1.904073456258786323e-01
1.887922085217858537e-01
1.872042763280087896e-01
1.856428701887888333e-01
1.841073335571708769e-01
1.825970312893397951e-01
1.811113487825888324e-01
1.796496911544839814e-01
1.782114824609629389e-01
1.767961649512296007e-01
1.754031983574446119e-01
1.740320592173411063e-01
1.726822402279980517e-01
1.713532496291190477e-01
1.700446106142617653e-01
1.687558607685497869e-01
1.674865515314983289e-01
1.662362476836512781e-01
1.650045268558165690e-01
1.637909790597442961e-01
1.625952062391708142e-01
1.614168218402026733e-01
1.602554504000822111e-01
1.591107271534225598e-01
1.579822976550555591e-01
1.568698174186841099e-01
1.557729515705693901e-01
1.546913745175348964e-01
1.536247696285978070e-01
1.525728289295874007e-01
1.515352528101304164e-01
1.505117497424305617e-01
1.495020360112899460e-01
1.485058354548555726e-01
1.475228792155930946e-01
1.465529055010273418e-01
1.455956593538021426e-01
1.446508924306410537e-01
1.437183627898120097e-01
1.427978346867146142e-01
1.418890783772321362e-01
1.409918699285079291e-01
1.401059910368211425e-01
1.392312288522529473e-01
1.383673758098510342e-01
1.375142294670156640e-01
1.366715923468348470e-01
1.358392717871277078e-01
1.350170797949458157e-01
1.342048329063086631e-01
1.334023520509547422e-01
1.326094624218994433e-01
1.318259933496040703e-01
1.310517781805642656e-01
1.302866541601424843e-01
1.295304623194677429e-01
1.287830473662428810e-01
1.280442575793014348e-01
1.273139447067662966e-01
1.265919638676652470e-01
1.258781734568701349e-01
1.251724350532292251e-01
1.244746133307651631e-01
1.237845759728252309e-01
1.231021935890687369e-01
1.224273396351779758e-01
1.217598903351961304e-01
1.210997246063892085e-01
1.204467239865383010e-01
1.198007725635677756e-01
1.191617569074268357e-01
1.185295660041387755e-01
1.179040911919377738e-01
1.172852260994169254e-01
1.166728665856148761e-01
1.160669106819699342e-01
1.154672585360725368e-01
1.148738123571574898e-01
1.142864763632647773e-01
1.137051567300164934e-01
1.131297615409518481e-01
1.125602007393611270e-01
1.119963860815710172e-01
1.114382310916285368e-01
1.108856510173343857e-01
1.103385627875795721e-01
1.097968849709422268e-01
1.092605377354991802e-01
1.087294428098114912e-01
1.082035234450460376e-01
1.076827043781913851e-01
1.071669117963345574e-01
1.066560733019614182e-01
1.061501178792479821e-01
1.056489758613072955e-01
1.051525788983643933e-01
1.046608599268235573e-01
1.041737531392060850e-01
1.036911939549228917e-01
1.032131189918586156e-01
1.027394660387419001e-01
1.022701740282741384e-01
1.018051830109948652e-01
1.013444341298584545e-01
1.008878695955009869e-01
1.004354326621752225e-01
9.998706760433152818e-02
9.954271969382721963e-02
9.910233517774290346e-02
9.866586125678636354e-02
9.823324606426885042e-02
9.780443864563215239e-02
9.737938893851420807e-02
9.695804775333267955e-02
9.654036675437314974e-02
9.612629844136735824e-02
9.571579613154465593e-02
9.530881394214284208e-02
9.490530677336794785e-02
9.450523029178445333e-02
9.410854091412809708e-02
9.371519579152452761e-02
9.332515279410734388e-02
9.293837049601683109e-02
9.255480816077567285e-02
9.217442572702468084e-02
9.179718379461231093e-02
9.142304361102637777e-02
9.105196705815654656e-02
9.068391663938121794e-02
9.031885546696807876e-02
8.995674724977927028e-02
8.959755628127233362e-02
8.924124742778966057e-02
8.888778611712944144e-02
8.853713832738614731e-02
8.818927057605788211e-02
8.784414990940989099e-02
8.750174389208988102e-02
8.716202059698512083e-02
8.682494859531779408e-02
8.649049694697101553e-02
8.615863519103685031e-02
8.582933333658600283e-02
8.550256185364690786e-02
8.517829166439312705e-02
8.485649413453152934e-02
8.453714106488627311e-02
8.422020468317392705e-02
8.390565763596287419e-02
8.359347298081566680e-02
8.328362417860611655e-02
8.297608508600781696e-02
8.267082994815004582e-02
8.236783339143684268e-02
8.206707041652383516e-02
8.176851639145027439e-02
8.147214704492132531e-02
8.117793845973668432e-02
8.088586706636294310e-02
8.059590963664463314e-02
8.030804327765200812e-02
8.002224542566029053e-02
7.973849384025820386e-02
7.945676659858412483e-02
7.917704208968183444e-02
7.889929900897976744e-02
7.862351635288383767e-02
7.834967341348604564e-02
7.807774977338365063e-02
7.780772530060724168e-02
7.753958014365401608e-02
7.727329472662471110e-02
7.700884974446062237e-02
7.674622615828025074e-02
7.648540519081066524e-02
7.622636832191302669e-02
7.596909728419991292e-02
7.571357405874087898e-02
7.545978087085643271e-02
7.520770018599620688e-02
7.495731470570093924e-02
7.470860736364449972e-02
7.446156132175654752e-02
7.421615996642154378e-02
7.397238690475427259e-02
7.373022596094847003e-02
7.348966117269788156e-02
7.325067678768765189e-02
7.301325726015542306e-02
7.277738724751889321e-02
7.254305160706932265e-02
7.231023539272957157e-02
7.207892385187489315e-02
7.184910242221527465e-02
7.162075672873735588e-02
7.139387258070593878e-02
7.116843596872231281e-02
7.094443306183813303e-02
7.072185020472571138e-02
7.050067391490028035e-02
7.028089087999597750e-02
7.006248795509295579e-02
6.984545216009427349e-02
6.962977067715207802e-02
6.941543084814136289e-02
6.920242017218214414e-02
6.899072630320615684e-02
6.878033704756933431e-02
6.857124036170758608e-02
6.836342434983698479e-02
6.815687726169440686e-02
6.795158749032094436e-02
6.774754356988446635e-02
6.754473417354285580e-02
6.734314811134545220e-02
6.714277432817181146e-02
6.694360190170868530e-02
6.674562004046168118e-02
6.654881808180487801e-02
6.635318549006273547e-02
6.615871185462804394e-02
6.596538688811180717e-02
6.577320042452682036e-02
6.558214241750327800e-02
6.539220293853435784e-02
6.520337217525508378e-02
6.501564042974833368e-02
6.482899811688273839e-02
6.464343576267814195e-02
6.445894400269988611e-02
6.427551358048130825e-02
6.409313534597152473e-02
6.391180025401267673e-02
6.373149936284054629e-02
6.355222383261274754e-02
6.337396492396099590e-02
6.319671399656848210e-02
6.302046250777047776e-02
6.284520201117982374e-02
6.267092415533462302e-02
6.249762068236879020e-02
6.232528342670554111e-02
6.215390431377153246e-02
6.198347535873354602e-02
6.181398866525551067e-02
6.164543642427625786e-02
6.147781091280735827e-02
6.131110449275128937e-02
6.114530960973819235e-02
6.098041879198221049e-02
6.081642464915675006e-02
6.065331987128754626e-02
6.049109722766349284e-02
6.032974956576617892e-02
6.016926981021600979e-02
6.000965096173456470e-02
5.985088609612569666e-02
5.969296836327113442e-02
5.953589098614242570e-02
5.937964725982966541e-02
5.922423055058473329e-02
5.906963429487947781e-02
5.891585199848010934e-02
5.876287723553468012e-02
5.861070364767603791e-02
5.845932494313857419e-02
5.830873489588803138e-02
5.815892734476599962e-02
5.800989619264744490e-02
5.786163540561101160e-02
5.771413901212223141e-02
5.756740110222954149e-02
5.742141582677279255e-02
5.727617739660351842e-02
5.713168008181761931e-02
5.698791821099950805e-02
5.684488617047801784e-02
5.670257840359323176e-02
5.656098940997492108e-02
5.642011374483138497e-02
5.627994601825010712e-02
5.614048089450710682e-02
5.600171309138877312e-02
5.586363737952224767e-02
5.572624858171645879e-02
5.558954157231370263e-02
5.545351127654905149e-02
5.531815266992083646e-02
5.518346077757052548e-02
5.504943067367003284e-02
5.491605748082040162e-02
5.478333636945760532e-02
5.465126255726792531e-02
5.451983130861099563e-02
5.438903793395254149e-02
5.425887778930437583e-02
5.412934627567281276e-02
5.400043883851535220e-02
5.387215096720483071e-02
5.374447819450143410e-02
5.361741609603239839e-02
5.349096028977890632e-02
5.336510643557086653e-02
5.323985023458853438e-02
5.311518742887074568e-02
5.299111380083121325e-02
5.286762517278112417e-02
5.274471740645838430e-02
5.262238640256336475e-02
5.250062810030215604e-02
5.237943847693478372e-02
5.225881354733071665e-02
5.213874936353115469e-02
5.201924201431524369e-02
5.190028762477494340e-02
5.178188235589412103e-02
5.166402240413393854e-02
5.154670400102416561e-02
5.142992341275968993e-02
5.131367693980353611e-02
5.119796091649352066e-02
5.108277171065625510e-02
5.096810572322544447e-02
5.085395938786529263e-02
5.074032917059967396e-02
5.062721156944538503e-02
5.051460311405159970e-02
5.040250036534298789e-02
5.029089991516867003e-02
5.017979838595444664e-02
5.006919243036202227e-02
4.995907873095004059e-02
4.984945399984215542e-02
4.974031497839766919e-02
4.963165843688777112e-02
4.952348117417519624e-02
4.941578001739902609e-02
4.930855182166243855e-02
4.920179346972605033e-02
4.909550187170397956e-02
4.898967396476470310e-02
4.888430671283521683e-02
4.877939710631042092e-02
4.867494216176417032e-02
4.857093892166573779e-02
4.846738445409957963e-02
4.836427585248834898e-02
4.826161023531983646e-02
4.815938474587727613e-02
4.805759655197325286e-02
4.795624284568708595e-02
4.785532084310509943e-02
4.775482778406506257e-02
4.765476093190292028e-02
4.755511757320365906e-02
4.745589501755487216e-02
4.735709059730288523e-02
4.725870166731346855e-02
4.716072560473429792e-02
4.706315980876052407e-02
4.696600170040422101e-02
4.686924872226545802e-02
4.677289833830696603e-02
4.667694803363187095e-02
4.658139531426351565e-02
4.648623770692861257e-02
4.639147275884242250e-02
4.629709803749734037e-02
4.620311113045379170e-02
4.610950964513341188e-02
4.601629120861526479e-02
4.592345346743440665e-02
4.583099408738244840e-02
4.573891075331126821e-02
4.564720116893927065e-02
4.555586305665848545e-02
4.546489415734632222e-02
4.537429223017726970e-02
4.528405505243891793e-02
4.519418041934845226e-02
4.510466614387320661e-02
4.501551005655145959e-02
4.492671000531649889e-02
4.483826385532289210e-02
4.475016948877443002e-02
4.466242480475399873e-02
4.457502771905622052e-02
4.448797616402075383e-02
4.440126808836938194e-02
4.431490145704326811e-02
4.422887425104370801e-02
4.414318446727298617e-02
4.405783011837919455e-02
4.397280923260076663e-02
4.388811985361476542e-02
4.380376004038529641e-02
4.371972786701495972e-02
4.363602142259703776e-02
4.355263881107102053e-02
4.346957815107688888e-02
4.338683757581456024e-02
4.330441523290226580e-02
4.322230928423795998e-02
4.314051790586156954e-02
4.305903928782016388e-02
4.297787163403238991e-02
4.289701316215698002e-02
4.281646210346098241e-02
4.273621670269004552e-02
4.265627521794078392e-02
4.257663592053323454e-02
4.249729709488642149e-02
4.241825703839368494e-02
4.233951406130122969e-02
4.226106648658583403e-02
4.218291264983612537e-02
4.210505089913361282e-02
4.202747959493602359e-02
4.195019710996166634e-02
4.187320182907447452e-02
4.179649214917145056e-02
4.172006647907049864e-02
4.164392323939949958e-02
4.156806086248762688e-02
4.149247779225668370e-02
4.141717248411421609e-02
4.134214340484761163e-02
4.126738903251950252e-02
4.119290785636438995e-02
4.111869837668615663e-02
4.104475910475693934e-02
4.097108856271691746e-02
4.089768528347505899e-02
4.082454781061214261e-02
4.075167469828260697e-02
4.067906451111947402e-02
4.060671582413932779e-02
4.053462722264897233e-02
4.046279730215169429e-02
4.039122466825704333e-02
4.031990793658825345e-02
4.024884573269420229e-02
4.017803669195953858e-02
4.010747945951697452e-02
4.003717269016090347e-02
3.996711504826040706e-02
3.989730520767509336e-02
3.982774185167069214e-02
3.975842367283589224e-02
3.968934937299931770e-02
3.962051766314857171e-02
3.955192726334955111e-02
3.948357690266654507e-02
3.941546531908321493e-02
3.934759125942443453e-02
3.927995347927917130e-02
3.921255074292397808e-02
3.914538182324691501e-02
3.907844550167288017e-02
3.901174056808977275e-02
3.894526582077451754e-02
3.887902006632076857e-02
3.881300211956754953e-02
3.874721080352705460e-02
3.868164494931550929e-02
3.861630339608238677e-02
3.855118499094208062e-02
3.848628858890578569e-02
3.842161305281364958e-02
3.835715725326827724e-02
3.829292006856831188e-02
3.822890038464295259e-02
3.816509709498727698e-02
3.810150910059811880e-02
3.803813530991087544e-02
3.797497463873558687e-02
3.791202601019597745e-02
3.784928835466746383e-02
3.778676060971541267e-02
3.772444172003613233e-02
3.766233063739643505e-02
3.760042632057410128e-02
3.753872773529989826e-02
3.747723385419983455e-02
3.741594365673698436e-02
3.735485612915493553e-02
3.729397026442236168e-02
3.723328506217627593e-02
3.717279952866724135e-02
3.711251267670521298e-02
3.705242352560465108e-02
3.699253110113184806e-02
3.693283443545151978e-02
3.687333256707426427e-02
3.681402454080481834e-02
3.675490940769023107e-02
3.669598622496977186e-02
3.663725405602366592e-02
3.657871197032343952e-02
3.652035904338254285e-02
3.646219435670707693e-02
3.640421699774770703e-02
3.634642605985159702e-02
3.628882064221408688e-02
3.623139984983262535e-02
3.617416279345943980e-02
3.611710858955564929e-02
3.606023636024532214e-02
3.600354523327047029e-02
3.594703434194559261e-02
3.589070282511375859e-02
3.583454982710231745e-02
3.577857449767923165e-02
3.572277599201025000e-02
3.566715347061578251e-02
3.561170609932844122e-02
3.555643304925141385e-02
3.550133349671669852e-02
3.544640662324379660e-02
3.539165161549909927e-02
3.533706766525549631e-02
3.528265396935204024e-02
3.522840972965493589e-02
3.517433415301744054e-02
3.512042645124149876e-02
3.506668584103898867e-02
3.501311154399359971e-02
3.495970278652326541e-02
3.490645879984169420e-02
3.485337881992260634e-02
3.480046208746206959e-02
3.474770784784193822e-02
3.469511535109452705e-02
3.464268385186598798e-02
3.459041260938125473e-02
3.453830088740923732e-02
3.448634795422716309e-02
3.443455308258690228e-02
3.438291554968050945e-02
3.433143463710619514e-02
3.428010963083520657e-02
3.422893982117826417e-02
3.417792450275234512e-02
3.412706297444880604e-02
3.407635453940050657e-02
3.402579850494986957e-02
3.397539418261734390e-02
3.392514088806962425e-02
3.387503794108835675e-02
3.382508466553964949e-02
3.377528038934352744e-02
3.372562444444311691e-02
3.367611616677432945e-02
3.362675489623723896e-02
3.357753997666533541e-02
3.352847075579677011e-02
3.347954658524535110e-02
3.343076682047196879e-02
3.338213082075549426e-02
3.333363794916485018e-02
3.328528757253106096e-02
3.323707906141980944e-02
3.318901179010314006e-02
3.314108513653298699e-02
3.309329848231368221e-02
3.304565121267533795e-02
3.299814271644729152e-02
3.295077238603176528e-02
3.290353961737773475e-02
3.285644380995490083e-02
3.280948436672882773e-02
3.276266069413463072e-02
3.271597220205205853e-02
3.266941830378083250e-02
3.262299841601548622e-02
3.257671195882128751e-02
3.253055835560948045e-02
3.248453703311327684e-02
3.243864742136393781e-02
3.239288895366746607e-02
3.234726106658052103e-02
3.230176319988761757e-02
3.225639479657754077e-02
3.221115530282098877e-02
3.216604416794760501e-02
3.212106084442323262e-02
3.207620478782814005e-02
3.203147545683451142e-02
3.198687231318442237e-02
3.194239482166854466e-02
3.189804245010439271e-02
3.185381466931461181e-02
3.180971095310611285e-02
3.176573077824918628e-02
3.172187362445624131e-02
3.167813897436149578e-02
3.163452631350035377e-02
3.159103513028875543e-02
3.154766491600378281e-02
3.150441516476291948e-02
3.146128537350489918e-02
3.141827504196935406e-02
3.137538367267825312e-02
3.133261077091537006e-02
3.128995584470812413e-02
3.124741840480834906e-02
3.120499796467302023e-02
3.116269404044615804e-02
3.112050615093976333e-02
3.107843381761609194e-02
3.103647656456871157e-02
3.099463391850488039e-02
3.095290540872739846e-02
3.091129056711707651e-02
3.086978892811489267e-02
3.082840002870435026e-02
3.078712340839461284e-02
3.074595860920280310e-02
3.070490517563712399e-02
3.066396265468037535e-02
3.062313059577227367e-02
3.058240855079362441e-02
3.054179607404908584e-02
3.050129272225157728e-02
3.046089805450542462e-02
3.042061163229032444e-02
3.038043301944563096e-02
3.034036178215438612e-02
3.030039748892733587e-02
3.026053971058766112e-02
3.022078802025535485e-02
3.018114199333201547e-02
3.014160120748518926e-02
3.010216524263368068e-02
3.006283368093259564e-02
3.002360610675806549e-02
2.998448210669282452e-02
2.994546126951158280e-02
2.990654318616636775e-02
2.986772744977213290e-02
2.982901365559236656e-02
2.979040140102534942e-02
2.975189028558979445e-02
2.971347991091070895e-02
2.967516988070603712e-02
2.963695980077219252e-02
2.959884927897133908e-02
2.956083792521705528e-02
2.952292535146155278e-02
2.948511117168210391e-02
2.944739500186769124e-02
2.940977646000602838e-02
2.937225516607072998e-02
2.933483074200835330e-02
2.929750281172540521e-02
2.926027100107562659e-02
2.922313493784794644e-02
2.918609425175314881e-02
2.914914857441212523e-02
2.911229753934338124e-02
2.907554078195063660e-02
2.903887793951098056e-02
2.900230865116257967e-02
2.896583255789300301e-02
2.892944930252736024e-02
2.889315852971638746e-02
2.885695988592480721e-02
2.882085301942005282e-02
2.878483758026026754e-02
2.874891322028319887e-02
2.871307959309506858e-02
2.867733635405895001e-02
2.864168316028438063e-02
2.860611967061514258e-02
2.857064554561946843e-02
2.853526044757817917e-02
2.849996404047456036e-02
2.846475598998364498e-02
2.842963596346096203e-02
2.839460362993248208e-02
2.835965866008415687e-02
2.832480072625132364e-02
2.829002950240838005e-02
2.825534466415874704e-02
2.822074588872431483e-02
2.818623285493595393e-02
2.815180524322287089e-02
2.811746273560303960e-02
2.808320501567304964e-02
2.804903176859882899e-02
2.801494268110542307e-02
2.798093744146733924e-02
2.794701573949958176e-02
2.791317726654732670e-02
2.787942171547693263e-02
2.784574878066666676e-02
2.781215815799700439e-02
2.777864954484209406e-02
2.774522264005961289e-02
2.771187714398267582e-02
2.767861275840991994e-02
2.764542918659734436e-02
2.761232613324869981e-02
2.757930330450740139e-02
2.754636040794710555e-02
2.751349715256314055e-02
2.748071324876438098e-02
2.744800840836395667e-02
2.741538234457138040e-02
2.738283477198337132e-02
2.735036540657632964e-02
2.731797396569731612e-02
2.728566016805616945e-02
2.725342373371702001e-02
2.722126438409027543e-02
2.718918184192480048e-02
2.715717583129929544e-02
2.712524607761486115e-02
2.709339230758690473e-02
2.706161424923700029e-02
2.702991163188559962e-02
2.699828418614391365e-02
2.696673164390629707e-02
2.693525373834271958e-02
2.690385020389107068e-02
2.687252077624962751e-02
2.684126519236964062e-02
2.681008319044797875e-02
2.677897450991957931e-02
2.674793889145018339e-02
2.671697607692929965e-02
2.668608580946234266e-02
2.665526783336462716e-02
2.662452189415315251e-02
2.659384773853986153e-02
2.656324511442483688e-02
2.653271377088941077e-02
2.650225345818873340e-02
2.647186392774539265e-02
2.644154493214244742e-02
2.641129622511646444e-02
2.638111756155137044e-02
2.635100869747098590e-02
2.632096939003309918e-02
2.629099939752241322e-02
2.626109847934416167e-02
2.623126639601777721e-02
2.620150290917016775e-02
2.617180778152939855e-02
2.614218077691847844e-02
2.611262166024895526e-02
2.608313019751471937e-02
2.605370615578564766e-02
2.602434930320137937e-02
2.599505940896554984e-02
2.596583624333905632e-02
2.593667957763459014e-02
2.590758918421035353e-02
2.587856483646408523e-02
2.584960630882721100e-02
2.582071337675898373e-02
2.579188581674034253e-02
2.576312340626867731e-02
2.573442592385136174e-02
2.570579314900041032e-02
2.567722486222684744e-02
2.564872084503493077e-02
2.562028087991645442e-02
2.559190475034536089e-02
2.556359224077201300e-02
2.553534313661780936e-02
2.550715722426951867e-02
2.547903429107434628e-02
2.545097412533408113e-02
2.542297651629966612e-02
2.539504125416637559e-02
2.536716813006806986e-02
2.533935693607205358e-02
2.531160746517412130e-02
2.528391951129301679e-02
2.525629286926544745e-02
2.522872733484100502e-02
2.520122270467723205e-02
2.517377877633428587e-02
2.514639534826993914e-02
2.511907221983482319e-02
2.509180919126749454e-02
2.506460606368920638e-02
2.503746263909932893e-02
2.501037872037054424e-02
2.498335411124363858e-02
2.495638861632328009e-02
2.492948204107285279e-02
2.490263419180973117e-02
2.487584487570088099e-02
2.484911390075813381e-02
2.482244107583345127e-02
2.479582621061410252e-02
2.476926911561859110e-02
2.474276960219188096e-02
2.471632748250078906e-02
2.468994256952971450e-02
2.466361467707599633e-02
2.463734361974590295e-02
2.461112921294946951e-02
2.458497127289699033e-02
2.455886961659408535e-02
2.453282406183760964e-02
2.450683442721143454e-02
2.448090053208223232e-02
2.445502219659504567e-02
2.442919924166933252e-02
2.440343148899457026e-02
2.437771876102631449e-02
2.435206088098190724e-02
2.432645767283663288e-02
2.430090896131937087e-02
2.427541457190885918e-02
2.424997433082957607e-02
2.422458806504740325e-02
2.419925560226616340e-02
2.417397677092366498e-02
2.414875140018737237e-02
2.412357931995098501e-02
2.409846036083022544e-02
2.407339435415927972e-02
2.404838113198702262e-02
2.402342052707270512e-02
2.399851237288298106e-02
2.397365650358739692e-02
2.394885275405546354e-02
2.392410095985219795e-02
2.389940095723504243e-02
2.387475258314995449e-02
2.385015567522776742e-02
2.382561007178071733e-02
2.380111561179885579e-02
2.377667213494639997e-02
2.375227948155827010e-02
2.372793749263649166e-02
2.370364600984708678e-02
2.367940487551574782e-02
2.365521393262561695e-02
2.363107302481283131e-02
2.360698199636375103e-02
2.358294069221105599e-02
2.355894895793081423e-02
2.353500663973906795e-02
2.351111358448835370e-02
2.348726963966465617e-02
2.346347465338385549e-02
2.343972847438862209e-02
2.341603095204530111e-02
2.339238193634060950e-02
2.336878127787811454e-02
2.334522882787557624e-02
2.332172443816160276e-02
2.329826796117235449e-02
2.327485924994853947e-02
2.325149815813259621e-02
2.322818453996500915e-02
2.320491825028190430e-02
2.318169914451143759e-02
2.315852707867134541e-02
2.313540190936525659e-02
2.311232349378047890e-02
2.308929168968442205e-02
