0.4886875512560773
0.30477700442761513
0.2788860709081027
0.263005645338536
0.25108287105896554
0.24065528879215303
0.23276877191198547
0.22471962439378954
0.21909504183002715
0.21324181128545097
0.2083727895085795
0.20416685513215452
0.20076033375921315
0.1974068011414606
0.19485549178089545
0.1924432710402688
0.19047465812160924
0.18795380882377238
0.18652536478720647
0.18463741977266462
0.18380845818107888
0.18233391541277683
0.1808743773402055
0.18051350110123143
0.17926266402552782
0.17877190031430518
0.17777595569736265
0.17762801140647788
0.1766144019841412
0.17633906123901102
0.1758518753825583
0.17574132713572438
0.17558026105494037
0.17497942185594764
0.17432927038453153
0.17419476598061703
0.17411148959835734
0.17381168634222724
0.17306543535548086
0.17370281734408988
0.17335594068514648
0.17282889309620872
0.1730673817859078
0.17284047107747882
0.1725931365276449
0.17287510719609675
0.17236323146824678
0.17179175854564302
0.17244619300322284
0.1724076031170077
